17 410
17 410
17 405
220
740 235
740 590 390
125 33 368 390
740 33 235 705 904
740 741 495 17 66 235
156 460 510
740 840 13 72 170
740 388 142
740 861 503 2 440
4 455
415
390 415
34 390
861 840 2 32 405 844
125 2 3 226 297 350 413
2 61 368 390 634 717
388 233
527 298 368 554 634
750 798
415
520 1
740 550 90 821 2 220 368
14 220
740 797
2 817
2 817
740 61
4 390
7
411
2 817
90 2 236 308
861 2
740 803
60 3 426 692
520 2 220
158 90 380 484 900 906
700 31
308 350 374
748
740
234
700
3 390
6
820 2 236
740 550 220 705
740 50 705
492
31 167 705
740 405
740 386
679
700 892
2 3 390 817
861 2 32 100 220 240
33 220 240 705 838
60 31 32 592 842 920
740 235 482
60 390 575 717 844
740 60 531 692
740 741 892 67 647
740 861 2 32 176
740 31 32 151 235 240
740 861 2 31 32 222 235
740 850 741 31 32 456 530
740 31 32 713 791
740 861 2 31 32 222 235
32 226 817
861 125 2
740 100 151 240
861 2 3 906
1 368 767
526 388
740 636 2 240 817
740 840 2 32 296 530
60 176 220 415 920
820 2
161 55
740 790 55
520 2 233 803 817
690 31 32 151
740 840 2 31 34 101 140 287 365
740 590 390
740 2 16 317 920
520 2 235 803 817
740 741 2 140 298 717
740 90 2 31 221 500 521 817
520 2 33 240 705 798
740 741 233 250 579 803
33 151 233 240 705 803
740 2 32 220 231 817
615 60 590 1 140 232 240 920
740 161 60 590 31 390 920
60 32 220 766
235
740 400 31 920
741 60 3 429 920
740 100
2 31 817
790 495 31 151
156 230
790 32 368 390 440
388 3 128 129 310 350 817 857
850 2 1 32 128 226 390 480 702
740 840 384 31 32 634
15 140 822
400 375 390 632
740 741 220 255
31 32 220 390 803 844
31 167 705
520 255 515
63 220 706
540 909
740 5 16 31 66 95 220 235 240 390 776 825 835 900 909
740
740 2 1 233 240 320 817 920
790 590 407 440
740 892 2 32 394
740 742 13 552 760
892 32 151
156 19
93 808
740 861 2 165 220 244 416 803 879
520 495 460
740 861 2 416
520 460
154 388 705 717
790 590 32 407
861 2 16 390
617 142
520 33 233 706
740 590 100 407
520 33
740 90
740
400 2 31 350 817
850 821 388 820 1 480 611 798
861 2 31 151 382
2 817
90 317 817
90 1 350 716
220 240
740 445 760
32 220
615 715
371 390
390
740
740 400 900
740 923 838
861 140 236 893
840
617 117
615
33 255
740 32
520 90 1
31 463
220
803
745
740
740 527 914
35 705
34
16 220
590 3 220
32 220
33 235
33 55
33
90
740 407 900
740 142
156
160 415
700 176
388 80 220
220
615 220
550 231
740 690 240 630
240
400
405
590 697
510 697
697 722
551
400 236
740 700 60 34 240 603 692
520 60 220 240 692 798
60 31 34 692
692
740 17 710
740 400
740 55 806
840 220
740 700
740 892
740
700 550 527
700
700 33
33 34
33
740 400 100 176
550 2 257
740 90 220 240
740 720 33 519
60 151
154 400 220 440
520 220 415
740 700 824 840 32 34 415 578 714 799
740 923 2 220 817
740
740 700 33 219 804
400 32
158 400
740 700 1 31 32 904
740 700 1 31 32 904
700
740 550 790 904
35 390
745 4 405 905
156 400 435 590 255 705 868
740 495 776
550 60
740 400 90 3 220
503
400 90
151 231
400 742 575 851
156
19 798
156 400 384 31
151 504
740 820 2 5 900
400 142
740 554
700 400 892 32 831
167 220 705
220
520 400
740 400
700 400 32 678
740 2 297 519
700 156 741 60 32 176 920
700 520 400 16 33 220 711 817
740 861 400 2 17 320 575 798 920
740 700 400 33 176
503 233 240
700 790 1 31 33
700 742 34 217
700 156 400 32 33 140
740 700 400 34 176
740 400 605 760
740 700 400 176
700 33 869
740 590 390
700 32 200 380 705
455 710
700
740 700 400 32 382
700 154 435 34 255
700
520 892 220 413
595 617 1 95 142
817
740 700 2 32 240 817 904
400 98
700 520 32 220
700 33 80
740 861 90 2 103
740 840 33
740 33
435 255 868
740 820 798
740 828
700 520 33 255
740 690 436 590 220 255 318 407 415 803 920
740 3 100 140
520 2 32 220 500 862
740 921 315 70 233 760
740 824 892 413 924
740 2 19
740 520 400 233 240 455
740 400
405
740 700 741 335 33 48 413 575 711 851
740 700 400 31
740 700 840 220
861 2 3 151 220 760
590 33 255 416
413 692
740 100 176
34 382 760
700 33 220
740 4 785
590 33 255 416
740 700 400 4 220 416 767
39
700 550 32 220 525
740 441
2 5 405
740 700 33 240 904
700 400 32 226
16 220
400 1 165 255 900
550 595 820 32 115
740 741 90 66 103
520 33 231 415 706 803
861 2
740 400
32
32
33 155
700
31
32
32
34
550
705
33
400 90 66
1
1
2
2
32
4
3
32
33
32
2
2
31
31
4
33
31 32
2
32
31
33
32
4
3
32
3
698
32
32
520 400
630 687
700 491 335 2 32 176 317 413 575 920
700 1 31 32 140
47
700 550 435 3 33
550 60 820 1 3 97 151 390
700 33 36 171 415
700 400 33 390
700 33 167 705
550 60 590 390
5 405
636 34
60 692
700 400 34 61 140
700 1 31 32 140
790
200
700 400 617 32 829
700
700 2 34 220 455
167 705
156 400 435 590 255 706 868
100
700 400 33 137
700 745 590 4 34
700 741 590 4 34 371 390 455
700 33 200 380 705
700 400 34 516 775
700 34 176 231 565
240 904
60 32 692
700 1 31 32 140
2 4 390 817
520 2 33 235 705 817 832
126 515
700
690 33 171 240 368 630 817
700 400 34 100 240
700 824 840 32 33 415 578 760 799
540
700 861 2 32 35 405
700 400 33 240 904
700 2 32 61 702
2 33 235 705 817 832
556
700 491 32 33 920
700 400 892 590 34 176 297 352
220 233
400 90
700 34 176 231 565
700 741 400 33 368
90 100 415 717
400 463 798
700 384 31 34
400 176 235
700 60 34 240 642 692
700 33 67 143
790 32 407
700 400 34 717
700
790 176
4 104 405
741 590 3 832
742 335 413 519 575 711 849
700 33 843
700 1 34
31
400
700 520 33 240
824 892 100 413 415
158 400
413
700
32
31
32
32
33
820 33
820 2 382 760
33 642
90
700 690 34
700 491 32 817
491 817
240 760
700 33
892 636 240 413
700 400 33 67 100
824 892 100 413 415
760
700 892 31
34 176
700 690 400 32 176 368 817
3 390
790 176
861 820 2 3
700 34 176 220
700 400 34 516 775
240 760
700 156 33
824 526 892 235 413 555
700
700 176
34 440 920
700 861 2 34 416
700 32 591
700 400
520 60 220 415 920
700 400 34 382 760
520 110 220 415
154 32
400 484
700 824 840 32 34 415 578 760 799
700 520 32 220 240 415 803
700
700 33
700 861 2 34 416
3 390
700 400 15 32
741 60 590 142 220 350 455 504 920
892 31 32 171 240 413
32
400 100 175 176
400 711
700 400 32 792
700 125 33 233 240
700 400 91 388 33 368
3
534 556
3 405
550
700 400 32 832
400 590 235 405 806
700 34 151 221
820 2 32
700 34 151 222
700 34 151 222
700 520 4 70 255 832
700
550 400 335 33 240 413 525 575 705
2 32 61 420 455
67 171
700 520 33 240
700 690 435 33 255
520 220 415
700 861 2 34 416
700 4 32 155 390
400 98
292 596
335 90 480
435 233 554
14
745
520 400 233
32
942
2
156 140
552
700 550 400 590 34 525 705 868
90 31 101
400 637
840 32
880 2
861 590 2 390
32 176 220
34
700 63 176
33 111
861 2 3 64 480
700 400 28 32 33
90 176
700 636 242
700 776
700 400 32 176 791
700 400 27 32 34
700 400 33 176 519
257 368 625
550 617 3
220
700 400 90 32
400
824 400 892 141 413
700 400 32 118 153
400
892 590 388 31 298 350
700 400 33 233 236
550 335 33 413 525 575 705 711
700 590
33
790 176
790 176
700 400 840 32
220
700 400 32 235 240 275 320 798
700 690 435 32 55 255
806
700 630
90 235 240
400 820
90 220
700 400
700 400 90 33 100 231 390
590
700 175 752
700 156 335 33 413 575 705 711 851 924
741 335 413 519 575 711
742 335 413 519 575 711 849
400 176
590 32 220 235 242
700 32 337
158 470
741 60 590 142 220 350 455 504 920
705
140 706
154 400 467 806
700 33 100 175 630 705
861 850 2 31 32 175 752
700 400 220 698
700 32 33 176 235 705
690 436 255
700 400 33 137
700 2 32 62 142 817
861 175 752
495 70 240 255 415 463 752 832
145
158 480 805
2 61 575
33 300 390 490
400 90
32
34 705
32
390
33
520 235
700
32
32 645
2 575
45
140
700 861 2 34 416
158 470 838
2 3 293 360 405
700 400 34 525 554
408 3
2 33 61 140 142 546
700 400 4 97 151
700 520 32 33
741 590 33 390 605
700 400 27 31 32 33
700 690 435 33 176 233 803
590 32 220 235 242
400
820 2 3 390
550 400 335 33 240 413 525 575 705 711
33 490
700 400 34 97
700 400 25 32 33
240 415
690 400 14 32 681
27 32 34
700 34 137
700 32 255
400 137
861
700 60 31 34 176 201
156 400 435 590 255 705 868
34 137
700 400 1 34 365 415 798
700 400 636
520 3 645
700 204 540 32 255
700 550 400 335 33 220 413 525 575 705 711
400 91 388 368
742 335 413 519 575 711 849
388 820 798 806
33
700 125 14 144
700 400 27 32 34
400 33 775
590 140 705
550 790 617 3
820
60 61 692 760
700 861 2 34 416
90 235 240
400 33 61 142
167
700 3
156 400 435 590 255 706 868
700 840 32 33 415 578 760 799 876
110 220 415
700 590 32 231
700 923 33 235
700
741 90 176 347
741 176 347
700 400 32 257 360 854
760
400 892 60 617 820 869
700 526 820 2 32 554
144
700
700 824 892
700 60 34 240 603 692
700 156 335 33 413 575 705 711 851 924
840 61 413 682
700 156 335 33 413 575 705 711 851 924
700 742 34 390
235 240
388 515
700 156 861 3 33
840 32
34 176
700 91 32
33 61
700 90 33 951
495 817
700 33
176
400 852
33
60 820 231
33
495 220 463
495 34
760
32
34
3
32
16 220 382
520 495 460
700 33
1 33 175 415
176
700
33
31 413
400
700 33
400
90
34
861 2 176 220 235 240 482
400 503 17
824 2 33 240 760
700 33 368 900
700 400
705
700 400 17
681
400 503 16
700 690 34 365 760
520 220
700 90 34 792
741 615 220 440
741 335 33 48 413 575 711 851
700 520 34 240
700 2 4 33 95 220 390
158 400 475 806
400 176 240
817
32
700 400 17 32 575 798
400 90
700 400 33 220 236
700 90 34 792
700 400 32 176 240
520 400
700 31 33 630
400
700 400
700 33 144
700 900
550 60 803
700 861 34 416
90
700
700 511 32 142
390
390
31 893
700 156 861 3 34
590 32 220 415
700 861 408 2 32 601 817 920
700 156 34 176
700 156 34 176
700 91 33 368
741 161 97 140
400 840 440 712
868
690 400 687
400
700 154 690 400 34
400 336
700
491 400 142
700 34 151 235
700 32
590 33 255 416
2 1 4 405 817
550 60 90 255 272 317 637 705
861 2 4 407
400 440
840 34 235
923 436 32 33
700 400
700 154 861 3 34
220 760
400 98
400 32 904
435 590 240 255
741 90 176 347
700 491 400 32 817
33
33 34
156 435 255 706 868
154 861 2 470 806
700 824 400 152 240
741 90 176 347
167 706
154 806
154 617 3 33
400 90 100 415
700 400 34 236
400
700 388 1 32 34 480
700 400 34 226
520 220 415 575 869
400 110
31 34
33
840
700
1
700 34 365 900
700 33 100 102 176 220 415 792
892 590
240
700 34 74 220 415
700 741 840 32
400 137 688 797
700 520 33 34
700 156 861 3 34
400 33 484
700 158 690 400 32
690 2 1 32 904
690 520 72 255 681
62
861 90 3 327
400 32
861 3 61 255
700 520 32 220 415
741 90 176 347
690 400 25 32 681
700 156 861 3 34
700 156 861 3 34
700 156 861 3 34
700 156 861 3 34
520 590 3 32 220 415 645
700 156 861 3 34
700 156 861 3 34
700 156 861 3 34
700 156 861 3 34
700 156 861 3 34
700 156 861 3 34
700 156 861 3 34
156 861 3 34
156 861 3 34
156 861 3 34
156 861 3 34
156 861 3 34
400 34 276 817
400 892 33 831
33 516 775
110 220 415
388 31 32 34 480
550 400 335 33 240 413 525 575 705 711
590 33 390 605
400 33 142 151
156 861 3 34
25 32 34
154 590 706
520 90
400 413
90
520 32 33
690 32
156 861 3 34
400 34
741 90 176 347
690 32
741 90 176 347
400 90
741 90 176 347
840 745 13 31 370
741 90 176 347
824 892 139 413
400
820
156 34 176
90 220
861 3 416
318 692 920
156 34 176
861 61
400 892 60 617 820 1 869
850 1 64 453 856
850 604 646 825
741 400
158 34 221
690 90 590 32 220 235 240
820
690 90 590 32 220 235 240
400 717
824 390
400 840 440 712
824 400
400 820
20 31
820
520 220 415
861
135 233 318 920
550 400 335 33 240 413 525 575 705 711
520 400 33 352
550 60 900
156 31
520 32 220 233 240
400 33 61 140
158 3 32 494
400 388 32 705 717
630
176 220 415
690
400 32 220 236
85 176 220 415 792
400 61 142
790 32 33
140 746
125 90 1 55 140 326 920
176
240 760 838
400
861 2 176 220 235 240 482
690 435 34 255
60 231 240 692 798 904
90 33 326 405 413 792 893
861 240 370
90 326 405 920
2 540 817
33
550 526 33 233
400 34
220 705
33 127 407
33 605 716
2 4 390 817
416
4
698
2
923
745 49 852
748
900
2
33
32
32
32
698
2
32
31 697
32
4
32
32
2
2
32
32
698
34
32
3
32
3
220
32
4
32
1
2
34
33
34 698
32
2
33
3
645
100 175 176
416
90 100 801
240 463
861 520 2 49 233
595 641
840
491 2 100 692 817
440
440
167 706
3 13 426 817
400 265
400 100
540
440
33 220
34 137 413
220 235 482
690 921 590 2 3 32 220 235 405 806 900
400 335 32 175 482
158 400 806
745 240 482 752
861 892 2 31 33 803
33 220 415
416
861 416
540
220
2 34 817
440
33 220
440
158 467 806
167 706
440
13
440
13
13
416
416
13
440
1 32 33 35
2 3
617 32 142 480
436 33 255
400 33 175 817
491 400 34 817
463 798
690 32 165 368 817
690 817
590 33 240 390
690 636 33 240
33 34
2 235 804 817
550 527 32 233
595 820 575 692
745 617 176 232 440
615 2 17 585 611 703
51 63 220
384 32 140 193 706 902 920
1 32 317 625 776 890
1 250 440 542 692 920
690 921 590 2 1 33 354 405 706
17 220
125 820 18 302 381 596
204 125
690 435 2 220 235 240 255 803 817
615 503 2 760 817
60 56 240 415 772
2 817
520 60 201 233 240
820 2 32 220
820 3 390 530
550 690 60 435 32 176 220 255 806
527 2 61 233 235 405 555 806 817
2 233 320 321 405 806 920
19 100 176 405
33 176 233 626 705
3 33 55 235 705 806 900
388 820 1 231 240 798
154 1 32 468 806 877
595 634 705
595 140 640
33 706 760
2 100 240 365 374 415
923
920
679 220 240 803
742 146 220 798
531
156 803
60 745 590 231 235 240 390 920
1 165 235 368 798 831
690 2
2 235 380 817
690 32 405
520 892 2 31 33 235 706 798 803
90 820 2 101
235 320 920
482 752
3 430
550 617 3
741 125 590 406
861 2 240 643
741 125 590 390
520 33 706
368 390 817
861 125 2 4 390
60 176 692
57 159
158 231 235 468 752 806
3 910
820 2 3 621 900
690 60 435 1 201 255
3 100 140
100 717
921 520 70 240
28 32
617 243 950
31 592
90 2 3 72 220 390
61
491 3 390
16 390
617 142
125 2 32 610
400 590 390
741 100 132 175 235 240
2 575 806
910
850 315 741 595 820 100 415
156 3
741 2 17 220 390 455
692
520 2 219 817
520 31 460
615 703
840 820 32
741 60 232 240 920
192 280 368 440 521
520 60 70 253 692
156 615 2 176 220 416 518
892
117
368 870
65 599 706 798 928
861 520 16 220 920
400 565
520 2 31
90
316 323 530 748
220
840
440 760
790
840
861 2 1 16 407
455
550 60 556
33
861 741 240 630
520 33 97 159 220 415 705 717 806
861 2 31 61 165 220 235 244 409
595 125 2 32 33 231 409 705 717 806 812 845
595 840 2 32 33 55 233 240 575 706 794
154 231 233 407 471 798 806 845
60 220 415 554 692 798
861 590 2 3 220 405
861 2 231 773 806
33 235 405 585 705
388 2 33 233 443 705 817
388
861 503 368
384 2 32 817
2 3 32 70 233 235 405 900
60 267 692 811 832
154 1 32 469 806 877
892 193 203
1 233 798 806 922
154 31 467 806
840 13
520 235 240
820 2 33 61 220 405 630 706 794
63 918
60 17 193 407
154 468 806
64 140 706
154 2 1 467 806 817
861 1 176 216 367
49
154 615 503
154 590 1 405 472 806
540
154 400 90 17 468 806
820
165 303 353 510
161 2 97 817
511 336 630 827
176 231 798
400 840 440 712
400 503 17
741 60 5 167 368 705 920
821
2 31 33 151 706 817
400 717
100 176
741 590 151 330 368 390
840 32
400 892 202 220 920
400 892 202 220 920
617 142
840 32
400 495 463
400 90 100 415
158 400 470 806
158 465 806
354 463 798
463 798
590 240 390
590 1 32 72 100 167 407 706
33 142
33 142
745 240 482 752
745 240 482 752
745 240 482 752
745 240 482
400 220 415 798
400 590 235 405 806
850 741 335 33 48 575 711
204 33 240 621 642 705
400 590 405
158 400 472 806
690 921 400 435 32 55 255
100 101 176 698
400 617 33 898
156 400 32 118
520 400 32 352
520 400 32 353
400 34 137
33 337 484
32 337 484
33 176 336
33 35 171 415
176
850 95
158 400 736 904
158 400 736 904
158 400 736 904
400 892 617 33
520 32 72 219
520 820 2 33 220 240
400 32 177 519
400 33 176
861
690 679 32 368 817
60 33 240 642 692
91 33 390 500
32 233 803 904
1 142
400 255 392
520 400 233
820 2 34 104
400 33 219 807
400 125 33 233 240 804
400 335 32 116
400 33 233 240 320 798 920
520 33 233
400 32 100 240
520 2 240 405 501
520 2 240 405 501
520 2 240 405 501
520 2 240 405 501
520 2 240 405 501
520 2 240 405 501
520 2 240 405 501
520 2 240 405 501
520 2 240 405 501
520 2 240 405 501
520 2 240 405 501
520 2 240 405 501
520 2 240 405 501
520 2 240 405 501
817
368 692
2 17 33 220 455 585 706 803 920
742 617 55 220 415 482 798 803
595 745 420 717
2 17 32 240 305 585 904
820 2 240
520 2 240 405 501
520 2 240 405 501
690 436 590 220 255 318 407 415 803 920
690 436 590 220 255 318 407 415 803 920
690 436 590 220 255 318 407 415 803 920
690 436 590 220 255 318 407 415 803 920
690 436 590 220 255 318 407 415 803 920
690 436 590 220 255 318 407 415 803 920
690 436 590 220 255 318 407 415 803 920
2 34 382
400 90
400 605 760
156 3
4 783
4 783
400 235 927
2 817
2 817
520 820 175 235 320 920
511 32
400 17 33 575 920
400 34 151 336 630 706
400 636 126 240
156 400 435 590 255 706 868
690 400 495 368 776 817
824 400 892 636 31 32 171 240
400 4 220 416 760
400 27 32 33
690 32 59 681
861 3 61 255
32 33
34 368 900
400 34 176
400 33 176
3 231
400 33 178
400 34 176
400 34 176
400 34 176
400 32 176
400 33 176
400 34 176
400 33
520 34 220 415
520 34 240
690 32 240 630
400 28 32
33 100 240
156 400 384 31 34
820 926
13 33
156 32
690 741 400 4 235 717
520 33 220
13 32
400 892 829
400 892 829
34 390
32
390
390
13 32 626
400 32 176 336
861 33 877
550 526 33 220
90 33 362
520 90 220 415
400 98
690 34 240 642
400 60 13 32 34
400 33 176
400 33 176
400 33 176
400 33 176
400 33 176
400 33 176
156 400 435 34 255
550 526 32 220
824 60 636 32 240 415 578 692
32
32 760 797
741 892 34 263 565 692
520 220 415
590 31
154 3
33
156 400 384 31
741 31 33 368 390 705
37
36
33
33
151
2 220
861
632 920 930
632 930
2 17 33 585 705
850 595 2 220 354 632
60 527 55 201 240 415 555 798
520 2 33 231 706 806 817
590 2 31 235 405 480 625
595 820 243 311
60 31 235 504 920
745
550
220 415 806 832 904
220
90 220
2 236 806 863
2 3 390 817
503 2 176 240 702
861 2 368 830
820 1 240 440
741 161 32 220 233 831
931
617 632
151 243
2 255 706
257
388 1 4 140 407 443
550 679 60 240
817
645
511 2 235 240 460
91
240 798
17 235 575
90 31 240
337 484
225 877
223 368
861 2 32 220 241
2 235 803
861 2 216 585 798
281
31 61
741 590 240 390 728
741 3 100 240 702 900
400 61 142
266
503 17 240
742 590 390
520 2 32 33 172 705
520 2 33 706 808 817
2 3 416 798
861 368 575
527 2 231 555 817
90 384 2 452
741 3 630
590 2 32 176 798
217
741 590 231 233 390
741 125 390
2 3 705 900 940
13 760
400 61 142 368
820 2 585 900
861 545 576
482 484 900
416
2 100 717
240
595 1 138 455 752
2 235 770 817
790 590 405
2 416
147
921
550 60 32 233
2 233 817
759
861 2 31
798
17 233
165
156 3
520 2 233 803 817
90 32 220
520 175
861
527 140
595 820 2 294 350
820 2 32
3
60 590 390 795
390 871
5 900
111 528 833
820 2 16 151 220
741 590 32 350 463 798
156 31
143 600
4 407
741 33 904
61
60 503 17
390
520 220
520 400 31 350
520 33 482 705
590 390
1 3 159
405
97 151
97 151
156
717
520 31 33 706
156
595 820 816
156
2 226
772
335 2 630
90 35 61 171
220
220
832 904
32 220 240
861
585
235 870
820 2 803
4 784
60 742
60 435 255 368
690 60 511 269
220 585
400 139
32 877
5 33 900
741 400 31 221
17 220 415 575 803
2 220 235 240 760
741 590 151 717
3 390
861 590 2 32 70 390
435 2 240 255 639 777 822
741 495 512 760
2 260 368
32 220 233 717
1 832 904
550 142
140 220 530
2 231 233 798 817
741 142 240
550 125 527 590 2
892 615 495 590 2 1 825 893
233 645
2 235 407 705 717 747 832 845 904
2 32 220 817
503 61 100 405 705
125 1 33 304 354 812
154 388 717
456
550 595 632
60 33 692
140 368 632 706
1 353
520 820 2 33 233 240 705 806
550 527
861 2 31
820 2
61 405 806
31
215
61 231 235 407
2 817 900
140 233 240 263 365 407 798 845
520 33 95 240 706 798
590 17
2 405
790 32
60 4 407 692
503 7 484 626
3 140 235 806 900
790
32 220
154 468 806
565 806
527 104 554
154 468 806
892 590 317 625 706
142
100
32 904
388
861 520 820 2 140 165 233 831
407 575 746
510 697
615
336 480
590 235 368 390 806
590 235 368 390 806
176
2 32 240 817 904
520 400 233
176 231 798
176 231 798
2 240 418
820 2 33 137
435 33 55 255
34 833
400 440 712
820 2 33 137
503 17
503 17
400 503 16
400 503 16
400
156 388 240
702
550 526 60 820
32 705 904
1 165 480 900
861 2 4 405
794
400 90
32
158 465 806
158 806
158 465 806
158 806
15 460 798
354 460 798
460 798
590 33 240 390
741 60 3 33 920
400 100 176
400 100 175 176
745 240 482 752
745 482 760
745 240 482
400 220
400 220 415 798
400
400 590 235 405 806
400 590 235 405 806
400 590 235 405 806
400 590 235 405 806
400 590 235 405 806
400 590 405
741 5 407 500 561
100 440
100 440
154 156 400 435 220 255 440
233 240 320 798
400 233 320 920
790 697 717
790 697 717
32 65 826
400 33 220 415 798
400 32 33 233 235 705
233 235 705 803
33 151 416
32 34 257
33 711
741 335 2 34 390 530 575 798 803
550 400 335 33 240 525 575 705 711
741 31 32 33 716 803
4 32 104 390
4 32 390 817
32 233 240
400 34 61 142
240 904
690 176
690 400
32 98
34 255
824 520 892 220 415
824 400 892 176
34 255
520 400 16 220
400 384
550 233
154 400 896
154 400 896
400 32 232 235
220 442
32 370 455
832
158 792
820 32 100 415
337 490 692
35 36 171 415
400 32 337
832
861 2 176 220 235 240 482
861 2 176 220 235 240 482
861 2 176 220 235 240 482
595 632
158 400 736 904
491 335 2 32 176 317 575 920
35 368
400 892 32
400 820 32 100 415
520 32 72 219
400 590 390
400 18 32 336
18 336
520 34 240
861
1 240 642 692
1 240 642 692
60 636 34 240 692
60 240 692
32 368 817
820 2 32 139 390
823
526 820 2 32 554
690 400 436 255
400
32 176 480
615 495 2 817
400 32 140
426
790 400
861 400
400 527 195
400
400 31 100 705
690 100 415
100
400 892 617 32
400 892 617 32
32 220 233 268 760
34 177 231
400 335 3 32
590 235 390
520 2 240 405 501
520 2 240 405 501
520 2 240 405 501
520 2 240 405 501
520 2 240 405 501
520 2 240 405 501
520 2 240 405 501
520 2 240 405 501
520 2 240 405 501
520 2 240 405 501
520 2 240 405 501
520 2 240 405
690 436 590 220 255 318 407 415 803 920
690 436 590 220 255 318 407 415 803 920
690 436 590 220 255 318 407 415 803 920
400 617 3 13 798
200 380 705
32
692 705
400 605 760
400 605 760
400 605 760
400 605 760
400
32 220 585
400 705
2 817
400 234
400 226
741 335 48 575 711 851
400 590 17
400 34 176 336
400 34 337
400 125 636 240
400 390 630
156 400 435 590 255 705 868
156 400 435 590 255 706 868
156 435 590 255
520 400 590 231 240 705 868
491 400 817
495 368 776 817
495 368 776 817
690 34 240 368 760 817
2 32 368 645 817 900
824 400 892 636 31 32 171 240
824 892 151 229
824 235
824 892 831 852
820 2 869
861 2 34 416
400 4 220 416 760
415
400 32 59
690 400 27 32 687
400 32 687 692
690 636 240 687
3 692
861 3 61 255
861 520 3 31
861 520 3 31
13
13
400 32 220
368 900
368 900
368 900
4 32 900
400 176
400 34 176
400 176
400 176
400 34 176
400 176
520 34 220 415
520 34 220 415
520 110 220 415
520 590 3 32 220 415 645
520 16 220
158 400 32 592
158 400 32 592
400 34 234
400 34 234
400 34 236
400 151 229
151 229
32 220 710
590 388 134 368
564 34
550 34 556
90 235 240
400 178
400 34 176
176
400 32 176
32 176
400 34
690 636 32 240
690 636 32 240
400 28 32
550 526 32 233
32
32
32 35 171
220 415
400 220 760
892
32 382 760
400 137
400 32 34
400 176
400 176
176
388 31 34
400 34 240 637
400 637
156 435 34 255
690 400 176 365 817
824 400 892 636 31 32 171 240
820
5 31
319 480 760
420
388 31 515
745 760
1 480
1 480
590 407
2 233 803 817
400 495 776
31 32 504 632
2 17 585
741 60 2 36 140 269 920
741 520 125 233 240 803
551 861 622 820 368 717
741 1 100 176 220 455 530 838
3 220
3 70 220 900
861 690 435 590 2 32 255 368
415 717 836 900
820 2 3
741 17 585 630
741 3 31 220 632 703
400 335 220 350 543 785 871 895 947
60 90 820 240
531
2 140 307 463 762
5 405
151 216
151 866
820 2 441
2 93 252 575 760
520 2 65 82 132 220 231
387
2 817
491 335 2 285 411 440
44
55 906
350
861 2 226
590 390
861 2 31 440 717 760 791
742 760
2 176 337
741 279 391 442
3 17 151
4 390
250 255
16 828
462
2 870
90 4
550 60 165
892 13 15 31
143 390
690
176 233 803
3 390
384
400 32 263
892 91 2 56 417 890
892 91 2 56 417 890
892 91 56 417 890
892 91 56 417 890
892 91 56 417 890
892 91 56 417 890
892 91 56 417 890
400
820 390 817
156 60 31 206 368
32 100 717
861 3 390
400 630
861 520
550
861
861 460
491 595 90 1 350 360 362 390 705 832
32 798
550 742
550 68 235
5 411
227
520 32 220
3 405
400 590 411
400
176 220
175
180
892
354
877
70
3 390 832
90 32 240 913
5 220 628 817
520 231
60 1 215 306 346 480 706 813
17 575
240 643
60 590 3 220 390 416
850 741 1 3 31 111 220
552 632 920
95
151
3
463
615 125 590 104 235 392 717 760
564
550 527 95 233 812
550 60 527 1 233 353 390
90 31 100 233 575
416 455 552 692 760
526 235 555
491 520 233 240 460 705
435 590 255 705 778 817
35 130 354 798
1 604 685 760
32 415 832
154 4
861 803
820 31 415
798 806
491 4 390
156 60 820 142
13
235 482
16
60 111 166 240 798
16 140 390
741 60 590 406 920
861 3 368 390 480
90 233 255
176 233
720 60 1 3 65 405 422
892 104 390 406
100 151 220
861 315 520 626
90 233 817
156 3
590 151 390
741 220 236 411 440 634
861 527 388 176 233 392
55 190 409 798
741 32 226 390 685 865
527 231 235 555
550 527
176 233
912
861 832
550
32
861 140
861 3
760
861 240
13 32 220 647 904
90 503
742 1 3
31 625
221 231 806
820 240 806
48 817
285 705
616 845
60 32 220 233 825
615 1 5 63 262 405
861 527 235 555
60 3 140 407 423
824 416
520 70 255 817 832
595 820 1 719
111
880 175
400 692
15 409
520 220 415 519
790 32 63 390
154 5
575
544
586
550
1 627 844
235 240 904
590 540 605 760
550
60 590 32 220 407 803 904 920
31 56 575 705
820 611
32 140
550 60 527 820 443
741 90 1 55 220 500 705
741 90 1 55 220 500 705
741 90 1 55 220 500 705
741 90 1 55 220 500 705
741 90 1 55 220 500 705
861 236
861 236
226
861
520 617 220 233 240
617
820
520 70
880 590 32 390
151
31 552
1 15 31 140 692
60 388 4 220 920
220 320 706
550 390 415
520 705
31 269
60 820
798
838
48 817
48 817
48 817
48 817
48 817
48 817
48 817
48 817
48 817
48 817
100 140
226 415
617 899
705 717
151
837
520
90 220
880 741 90 1 55 220 317 500 705 920
861 741 90 1 55 220 235 500 705
892
741 125 90 1 55 70 220 500 705
861 590 32 390
741 90 1 32 55 220 500 705
590 32 55 390
220 240
617 220
240
861 590 220 236 390
575
760 798 803
741 90 1 55 220 500 705
820 482
820 220 234
104 406 904
335 388 100 220 231 233 240 760
520 269 798
220 368 900
235 255
741 60 90 821 703 920
590 111 317
1 32 223 226 233 575
861 31 100
154 118
32 480 877
255 346 510
495
861 495
472
550
850
140
402
156 31 240
744
390
790 1 480
91 831
5
12 165
1 31 142 390
741 31 32 46
35 171
511
742 1 235 406 480 482
142 480
706
158 400 854
861 176 230
60 4 67 703 900
956
64 630
64
511 130 920
590 252
585 831
790
836
679 17 575 798
4 390
861 520 220 415 705
861 151 176
741 91 240 416 500
550 527 235
240 760 952
527 388
400 617 703
235 565
817
630 845
506 817
233 407 806 845
61 877
3 390
741 60 440 920
892 32 240 269 810 845
235 798
125 31 220 455
550 679 60
90 101 545 908
923 285
161 146 924
820 705 831
35 705
31 808
158 415 900
617 142 817
3 407
595 153 803
741 503 279 460
861 96
158 32
690 400 435 760
140 705
741 1 32 194 390 760 817
550 820 1 350 368 543
690 60 435 255 692 803
821
706 806
1 155 467 692 806
741 617 100 176
820 390 621 844
850 595 821 1 368 391 480 706
401 698
154 468 806
595 70 240 255 504 760 803 832
43 16 440 760 853
125 617 32 190 390 600 632
595 204 1 752 920
861 3 390
921 820 32 72 760
64 140 176
125 435 590 12 31 220 255 286 455
142 518 604
400 892 1 31 81 250 518
790 220 415 798 806 900
35 171
520 820 1 12 32 382 440
230
861 235
861 90 222 231 683
390 844
191
527 555 817
400 390 844
520 235 240 705
630
405 798
400 233 804
741 60 42 920
400 130 746
861 605 760
617 142
550 527
741 892 151 235 240
31 93 140 215 480 632 705
861 240 519 760
861 705 803 920
176
690 617 140 255 319
820 42
520 233
176 817
161 803
741 520 220 240 440
235 798
29 32
520 220 621 817
34 104
125 233 320 705 773 803
31 371 405
503 17 368 760 817
97 151
861 231
615 503 752
861 615 495 240
861 220 240 440 760
400 820 31 64 521
388 220 235
1 3 165 309 427
407
636 66 240 556
90 100 240 415 817
520 17 32 95 220 407 585 782
60 923 820 235 240
741 240 390 458
850 61 407 780 806 845 900
158 400 3
310 350
32 268 760
741 31 371 390 844
820 32 220 803
60 820 235 240 455
400 527 233 235 555
49 760 817
400 435 61 142 255 705 798
60 16 66 235
17 585 817
690
3 122
31 592
100 415
590 820
156 142
100 415
156 3
615 503 752
923 806
156 3 100 140 920
527 31 554
741 520 590 240 575
1 32 220 416 565 856
400 503 17 240
520 3 215 425 442
741 140 390 838 900
617 140 142 746
861 96
520 175
615 503
820 1 202 645
550 690 60 323
861 176
17 585
156 31
520 585 705
590 405
97 151
745 31 32 171
4
294 844
1 31 140 220 416 565
240
590 906
60 176 222 575 791 920
32 226 605 865
55 151 235 240
820 322 390 803 920
741 60 240 350 504 920
892 590
817 832
861 520 32 70 140 219 919
741 60 592 920
741 60 590 151 390 920
60 820 231 798
861 617 31 243
388 235
240 772
60 32 226 891
861 132 924
5 407
252 268 326 360
16 390
90 176 390
323 390 920
400 140 176
156 861 850 3 31 220 233
527 235 555 706 817
550 220 415 706 798
467 806
850 595 821 1 6 391 480 911
615 703
817 927
31 100 240
260 368 455
167 705
850 595 821 1 391 480
90 6 832
850 595 821 1 4 5 151 391 480 803 913
4 7
61 151
60 31 337 484 891
735
32 768
861 520 235
1 220 415 760 798 803
861 820 297
820
90 590 104 235 240 645
32 142 220 904
550 690 60 322
90 390
60 923 692 705
820 3 390
3
861 240 637
861 520 72 233 798 832
60 32 298 350 572 761
151 219
233 415 853
892 821 31 55 368
400 240 585 838
742 175 416 760
400 90 750
5 390 817
90 31 35 61 69 171
61 703
31 32 220 817
220 415 717
156 61 151 252 692
741 520 32 70 220 240 278 838 958
113
790 400 892 32 296 350 632
503 463
156 3 877
3 390
820 390 531 621
690 741 435 240 255 906
400 3 100 140
226
861 32 455
520 1 31 121 240
630
590 390 705
161 820 32 55 220 240
4 390 817
1 3 140
520 220 240 415
17 645 817 898
861 590 31 220 407 415 705 752 798
176 241 832
520 233
60 820 220 798
60 226 235 240 692
741 617 4 390
32 220 904
241 260 368 817 900
550 527 32 220 798
942
240 643
388 820
335 760 803
527 555
416 817
83 235 240
61 877
520 3 220
741 384 859
154 820 1 474 806
4
61 236 405 705
821
820
60 590 32 201 390
4 900
861 4 390
741 520 400 31 350 759
13
4 390 817
4 260 390
741 60 31 165 692
942
19 760 817
615 503 752
220 235 927
460 510
820 5 32 140
49
741 617 252 450 463 510 791
820 100 176 415
690 435 231 255 479 749
717
400 13 240
520 400 233 803
261 879
742 235 353 455 460 798
861 125
5 390
520 125 32 233 240 610 705
400 13 240
315 63 220 255 260 760
235 803
100 140
520 60 820 233 235 705
13
742 100 220 415 717 806 904
63 240 407 798 845
511 5 390 455
61 407 575
679 233 240
520 220 368 817
32 705 798
255
923 1 3 422 705
590 390 817
690 435 820 32 220 255 717
530 808
60 742 1 100 440 920
741 3 70 255 645
741 176 353 460 585 705
760
503 17
60 692
32 220
32
32
520 820 220 240 803
65 220 393 460 510
297 532
861 15
520 16 220 416
32
921 520 72
741 520 220 262 803
803
820 32 832
741 520 60 3 220 920
400 125 745
220
100 240
615 503 752
100 200 415 702 906
615 503
233 235 407 585 705 806
97 151 232 416
752
520 192 233 706 817
34 97 151
72 406 817
798
527 556
861 1 255 368 371
32 521 717
564 617 231 298 465 705
60 235 240 692 773
880 820 65 244
861 923 101 140 240 407 845
140 632 706
745 31 311
32 61 70 235 267 405 455 706 806
892 590 202 233 368 371
125 304 368
503 776 817
861 90 176
820 35 130 171
16 560 814
55 932
861
861 5 36 460 513
861 1 32 350 362 692
32 176 220 798 904
520 60 1 192 220 235 368 482 692 842 871 920
90 140 235 240 906
595 617 243 706
60 90 531 692
741 235 565 702 803 900
861 892 374 416 760
503 55 220 235 240 455 806
503 17 235 240 752 806
60 511 820 233 269
3 817
923 32 112 233 382
176 336 372 374 405
590 107 231 233
32 220 329 368 630 794 906
520 220 415
690 125 435 32 220 235 240 255 632
204 1 235 240 346 705
527 5 391 475
125 636 820 233 235 240 405
550 527 240 817
55 231 373 798
317 705 760 803 920
617 1 32 302 831
65 215 220 235 240 798
861 235 760
60 820 368 463 920
550 527 32 190 220 240 300 350 600
820 17 240 585 705 798
741 140 235 350 460 798
32 220 235 415 504 717 803 904
90 16 140 190 220 297 900
820 236 240 705 798
1 463 510 692 760
550 60 32 235 611 877
32 226 231 693 798
503 460 817
60 742 3 368 920
151
615 220 231 455 689
550 551 741 32 226
550 526 60 555
520 60 4 220 706
520 1 31 220 575 706
590 235 309 350 374
60 111 165 457 575 900
690 60 742 90 176 518 920
60 231 692 803
32 226 692
95 142 151 279
861 3 140 255 705
520 400 897
595 140 575 704
520 4 220 817
861 803 832
32 344 545
861 100 233 240 688
156 60 3 368 817
617 527 70 240 555
550 207 222
18 796
1 240 368 765 920
741 520 81 233 272
520 820 231 705
400 104 890
527 388 233
32 235 734 794
13 31 817
861 32 100 220 255 416 798
84 350 460 798 814
156 741 3 240 345
590 3 220
3 111 165
156 4
156 435 255
17 585 900
119 215 368
861 90 255 705
503 168 817
154 3 545 900
820 4
90 220 235 853
60 742 231 803 920
350 760
233 260 565 940
550 820 65 220 798
140 220 287 415 879
817
821 1 233 320 920
741 16 220 382 572 684 760
741 60 32 920
297 416 440 760
140 176 190 301 803 844
13 100 176 817
520 820 55 220 705 803
861 233 705 772 803
125 32 151 337 484 563 632 900
741 100 346 585 858
790 233 798 900
520 705
400 72 93 368
923 32 220
741 31 371
520 60 552 692
741 176 220 565
741 923 500 705 803
741 520 233 235 240 360
32 94 144 220
790 741 590
156 3 545
550 527 388 220 240 255 812 906
32 692 872
520 31 705
90 16 31 220 545 908
945
5 900
741 236 361 832
65 220 336 440 455
636 31 240 255 817
861 136 140
32 205 252
100 240 415 817
880 400 142
60 255 692 920
520 220 226 455 803
556 817
550 60 440 760
832
65 220 864
861 772
130 190 269
520 220 257 415 621 898
31 176
790 820 1 233 798 900
550 60 16
741 48 250 579
741 820 31 151 243
617 3 122
3 552 760
520 60 820 220 415
61 142 817
861 240 806 844
156 368 780
60 31 277 705 920
17 31 32 575
861 741 923 32 61 70 406
60 923 61 233 407 692 806
850 1 18 220 405 786
388 320 806 900
923 820 32 220
861
690
3 803
31
16
3
621
520 175 295 502
520 60 233 297
90 101 853
520 220
520 240
156 5
156 31
436 176
156 843
125 90
521 702
156 5
90 5 900
590 32 298 350 853 900
861 741 495 368 836
161 97
552 760 817
861 90 100 240 415
820 222
61 151
400 60 820 31 241
741 590 81 220
61 817
820 1 832 904
892 831
520 240
151 231
861 368 903
90 31 100 165 220
388
384 346
400 820 267
151
151 717
32 233 877
400 220 428
527 456
741 590 165 545
335 820 32 220 760
244 255 277
705
5 405
880 241
61 278 365
234
636 240
156 31
90 176 233
400 100 415
236 707
520 60 1 4 99 220 235 483 535 692 842 920
520 233 240 706 803
16 220 565 626
233 803
921 112 235 760
861 520 32 220 240 603
741 90 32 572 683
301 350 721
892 590 140 545 894
550 527
921 503 70 460 760 817
503 233 235 817
741 60 17 920
590 100 415 705
140 165 176 220 803
231 233 804
125 3 350
400 617 1 55 150 243
550 527 368 518 803
435 5 255
233 879
550 60 220 804 930
60 600 920
861 892 384 575 706 717
520 231 817
90 820 14 220
1 61 694
145
400 90 31 350 545
519
90 35 61 171
1 233 235 269 565 632 798
679 155 630
90 820 1 215 480
615 495
818
386
315 742 32 231 264 760
90 717 760 853
520 176 705
220 368 803
4 621 817
520 220 415
140 240 482 920 944
250 460 510 853
156 142 368 817
18
335 760
861 240 350 504
255 705
741 90 820 65 123 176
176 240 817
400 279 345
692 890
60 3 920
741 151 416 849
3 220
861 90 621
880 520 60 220 621
60 90 240 575 703
140
60 590 820 1
176
520 231 235
520 60 820 705
550 742 90 220 534
220 241
850 741 92 621 798 838
550 60 32 904
520 220 317 727
824 61 224
550 1 482 621
165 368 401
590 233
520 125 820 231 235 240 308 466 706 760 809 817 953
741 34 228 374
861 367 710
60 255 401 692 920
3 31 575
32 220 240 812
741 125 176
617 831
60 820 61
520 220 235 415
215
491 850 241 493 803
741 60 511 820 3 31 32 111 169 171 235 461 645 904 920
861 519
142 157
861 698
156 861 176 698
492 1 3 4 15 73 251 380 484 600 899
125 236 407 729 845 906
861 520 32 140 231 235 360 705 877 919
400 595 125 820 32 140 420 920
820 1 100 240 472 806
520 1 3 31 240 502 806
590 388 220 235 385 405 632 705 803
90 235 717 770
820 64 104
503 7 817
60 745 100 415 920
354 817
550 60 527 220 415 705
745 3 55 104 263 423
32 226 454
527 55 407 555 844
690 60 742 435 220 240 255 415 806 920
388 233 444 798 806 832 904
154 617 384 32 142 467 806
820 1 176 338 605
381 401 823 920
615 503 3 900
820 32 100 220 233
861 100 176 533 717
690 435 235 240 255
590 1 5 407 746
154 353 463 798
1 3 137 322 920
820 32 55 220 798
617 142
617 145
820 3 803 900
820 4 407
1 4 139 405
60 742 32 226 798 920
519
861 31 383
60 820 250 605 626
861 3 233 405 533 686 717 793 805 845
590 32 220 405 806
679 540 17 240 575 806
1 706 752
520 220 415 798
550 60 204 233 235 630 794 832 904
55 233 752
323 920
55 235 706
617 820 1 142
550 617 3
615 1 100 179 426 494
520 63 95 407
5 405
923 235 240 806
220 415 832
742 923 235 380
61 407 817
45 806
220
233 240 272 744
31 140 220 415 625
4 354 415 798
220 255 786
256 832
1 16 255 324 405
140
4 405 747
590 705
31 692 904
692 904
792
550 690 520 435 527 55 95 231 255 468 705 798 806
595 530 705
741 60 100 415 920
90 176
156 3
590 705
590 705
590 705
590 705
400 820 220
590 820
100
176 235
943
942
167 706
100 415
520 388 906
368 856
861 32 220
32 240
690 435 255
760
514 621
630
630
630
630
90 590 104 235 240 645
90 590 104 235 240 645
90 590 104 235 240 645
90 590 104 235 240 645
400 220 415 798
400 220 415 798
158 400 540 473 806
400 100 191 350 415 460 798 817 904
400 590 235 405 806
100 220
31 151
617 142
400 240 706
400 4 97
400 4 97
400 4 97
60 540 103 718 803 815
400 803
90 66 455 585 832 942
90 66 240 455 585 942
520 615 90 235 255
520 90 435 165 235 255
400 617 435 55 136 140 255
850 16 140 803
850 16 140 803
90 240 362 585
921 741 820 17 32 70 100 150 151 176 221 255 415 697 798 838 904
741 820 17 32 70 100 150 151 176 267 415 697 798 838 904
400 3 140 592 692 900
550 690 60 323
176 233
176 233 806
384 233 806
384 233
220 407 415 845
220 407 415 845
790 165 176 240 326 405 900
790 165 176 240 326 405 900
3 32 165 176 220 900
3 32 165 176 220 900
5 233 407 585 706
5 233 407 585 706
5 233 407 585 706
615 503 341
615 503 341
595 617 1 95 142 744 760
595 617 1 95 142 744 760
717 747
595 615 343
32 71 407
32 71 407
690 435 1 3 255 423 900
923 1 706
923 1 706
923 1 706
923 1 706
923
235 321 407 705 845
235 321 407 705 845
235 321 407 705 845
235 321 407 705 845
235 321 407 705 845
235 321 407 705 845
235 321 407 705 845
235 321 407 705 845
790 3 100 176 421
790 3 100 176 421
790 3 100 176 421
3 176 421
520 17 32 95 231 407 585
520 17 32 95 231 407 585
520 17 32 95 231 407 585
3 100 233
615 503 752
615 503 752
615 503 752
615 503 752
615 503 752
615 503 752
615 503 752
615 503 752
615 503 752
615 503 752
615 503 752
615 503 752
615 503 752
615 503 752
615 503 752
61 240 407 798 845
61 240 407 798 845
61 240 407 798 845
32 220 773
222 233 235
861 617 1 142 222 233 235 368
861 617 1 142 222 233 235 368
617 32 142 597 905
617 32 142 597 905
617 495 4 32 142 365 407 460 597 905
388 17 585
388 17 585
388 17 585
850 61 407 806 845 900
850 61 407 806 845 900
850 61 407 806 845 900
850 61 407 806 845 900
850 61 407 806 845 900
850 61 407 806 845 900
235 321 407 706 753 845
384 233 749 806
806
520 408 17 32 95 220 585 781
520 90 408 32 797
850 61 407 781 806 845 900
850 407 777 806 845 900
850 61 407 777 806 845 900
590 3 220 405 841
100 231 705 798 904 957
354
220
35
32
515
820 1 220 233 706
820 175 176 220 299 415 530 760 798
125 190 575
741 435 176 255
690 60 125 435 255 374 692 803 842
741 615 617 220 243 440
690 564 233 291 560
861 679 176 240 798
520 32 220 240 263 368 706
220 415 442 556 746 798
745 617 71 235 930
679 820 1 140 220 415 812
527 32 216 220 235 555
638
745 590 55 235 240 482
190 226 415 751
90 17 240 370 585 817
440 760 817
741 60 100 233 235 920
741 90 32 100 220 361
820 571
520 220 415 519 817
820 220 240 717
861 679 235
880 220 233 689 717
520 240
3 70 817
741 72 220 415 798
820 1 704
861 741 371 374
820 62 151 500 706
350 374 463 575 643 798 871
60 231 440 692
850 679 140 803
17 70 746
90 368
154 520 1 31 705
690 60 745 435 235 240 255 920
590 235 405
17 405
520 220 415 706
388 32 168 233 235 706 807
861 923 32 70 231 242 706 901
503 6 31 236 502 752 806
590 405
520 3 70 220 255 832 853
32 231 298 460 798
415
204 34
520 235 806
4 817
520
35 100 130 171 415
820 263 368 760
824
286 368
233 235 817
400 131
240 772
861 31 240 773
61 140
400 4
861 3
226 717 764
861 17 233 585 603 705 798
741 520 16 220 556
97 151
861 61 142
32 630
923 32 220 817
111 233
32 220 240 585 817
861 32 220 235 460 510
861 790 721
741 90 3 220 252 530
850 820 31 32 140 220 236
820 100 415
820 17 575
234 415
351 741 90 384 272
151 220
520 400 350 817
850 892 590 32 151 220 760
590 368
125 195 235 760
176 337
90 220 706
717
550 90 31 100 350 415 692
491 742 226 575 705
151 416
850 60 90 32 573
90 543
741 617 307 350
741 590 32 220 440
622 706 798 928
400 243 798 828
408 4
60 820 773
451 692
550 527 404
520 706 806
60 742 705 760 920
741 60 337 484 920
31 100 176 812
520 233 235 705 808
742 1 240 530 760 786
520 240 806
741 415 709
741 125 455
140 226
520 220 320 415 920
400
690 233
100 382 415
17 32 585 817
550 520 60 173 235
892
921 520 70
156 820 773
861 520 706
1 621 912
861 61 151
368 710
861 255 705
741 175 233 798
151
824 235 482
66 368 900
31
679 17 575 817
861 388 235 240 798
861 231 804
156 260 817
140 368 706
705
91 585 831
137
741 82 234 350
176 240
741 106 209 500
5 817
242
861 520 1 235 368
55
520 595 495 460 906
731
32 226
58
861 161 590
176 235 240 705
861 520 70 233 798
690 435 255 817
520 382 878
335 235 760
520 233 240 817
741 60 920
16
61 817
368 831
817
226 240
590 32 165
844
400 97
136 832
176 337
550 527 240 808
861 590 151 900
90 35 171 817
400 55 368
741 125 31 61 142 575
156 3
100 415 817
1 32 233 316 374 705 920
741 60 920
565
741 268 760 925
233
61 460 632
923
55 232 233
125 176 406
550 615 151 350
861 100 415
590 621 817
892 590 732 794 853
90 792 817
741 60 592 920
690 590 260 544 817 832 856
60 17 65 220 374 575
690 435 255
636 240
520 240 705
503 7
742 760
741 255 412 705
632 705
90 820 1 235 240
233 482
520 220 231 705 817
861 100 415
741 60 460 920
824 16
550 520 60 231 705
400 159 877
60 820 31 105
60 66 223 920
741 125 5 900
400 61 142
861 741 319 705 877
615 65 66 220
590 621 798
617 16
220
117
384 820 32
741 32 208 927
742 32 350 463 706 798
4 900
861 520 892 495 590 70 231 368
48 817
90 1 31 32 151 505
550 527 235 817
46 621
154 160 363
590 820 220 233 415 798 838
861 125 90
90 798
772 817
140 844
741 4 575
520 220 320 415 920
31 97 151
400 805 806
923
861 869
156 3
267 575
550 60 220 297 630
550 3
772 817
592
741 269 345 792
151
31 243 705
1 264 817
520 60 820 233
64 171 360 705
741 821 590
861 526 235 555
320 920
520 460
615 503 31 460 900
416
550 527
590 32 205
861 31 240 642
13
176 220 415 798
60 90 233 368 817
923 233
910
400 90 35 61 171
388 3 31 426
388 140 685
690 435 255
31 240 927
861 623
792
255 360 481
550 3 31
520 400 233 705
577 705 760
590 3 240 772 900
520 236 705
520 590 240 575
158 400 503 460
520 220 235 240
550 741 60 527 920
741 527 590 32
861 220 401 440
741 923 590
151 243
100 240
741 60 416 920
61 142
226 621
741 60 920 927
741 297 680 910
1 286 368 645 817
520 220
590 3 240 773 900
550 617 435 61 93 100 415
617 1 142 371 407
825
220
520 70 233 235 705
605 760
16
55 151
161 384
156 31 133
31 368
435 1 31
690 904
156 31
590 140 575 705 920
590 820
32 232
176
235 482
850 315 31 373
1 3 900
100 233 240 930
904
760
297 391 705 717 842
231 798
140 226 575 920
590
690 435
482 760
1 220 554
235
151
435 176 220 415
798
590 368 374
741 31 226
520 220 817
91
100
100
861 520 32 220
820 32 70 100
745 165
406
733
520
679 595 1 32 95 220 575 806
527 55 555
60 98 702
850 388 140
90 1 220 350 353 440 705
161
550 220 320 920
240 255
176
861 4 407
235
562
820
140 705
520 240 705
690 435
460 760
760
550 520 400
360
100 140
741 60 388 28 920
233 706 760
617
741 527 55 233 235 518 555 831
65 235 834
1 233
236
100 350 460 798 817
235 241
527 1 190 297 554
820 540
590 151 374
741 520 130 220 235
156 590 241 706 732 794
150
861 520 503 590 70 292
235 240 455
61 347 808
5 140
233 240
315 760
615 70 417 930
595 820 1 635 706 760
564 60 820
930
593 706 717
103 240 565
3 100 140
520 820 231
615 104 817
745 692 798 924
35 130 171 220 585
233 235
741 60 140 235 920
861 335 233
741 520 1 324 350 543 794 874
892 297 855
226
741 820
518 552
220 585
100
156 389
31 817
60 140 269 692
388 920
741 353 455 544 920
65 401
400 142 463 513
595 820 541 813
400 61 703
820 240 717
820 904
820 17 585
820 416 621
921 520 72 368 621
235 772
861 520 220
679
520 231 240 456 621
742 41 241
861 32 235
923 32 877
520 1 231 440 860
335 705 760
690 435 233 255
520 233
32 168 220 232
861 31 136
861 520 31 233
136
760
850 315 741 820 1
60 90 140 692 920
923 240 817
527 554
482
520 32 72 220 231 270 633 705
403
32 140 545 920
690
760 817
820 906
927
158 35 171
60 231 692 927
90 231 534 560 621
125 32 240 244 632
861 824 892 220 692
741 60 231 235 920
595 257 455 705 810
463
96 143
500
176
67
435 1 3
98
48 232
17 176 255 704
790 35 100 142 171 257
595 140 420 706
315 255 269
790
861 690 520 435 34 220 255
90 1 100 300 320 632
151 416
400 90 16 32 401 853
5 877 900
520 233 235 705 817
351 1 368
240
156 3
850 741 820 402 575
156 31
91
745 1 4 407 561 586
520 480 570
820 1 100 456
32 55 220 240 806
55 233 235 483
861 720 1 175 416
176 455 817
520 235 240 706
154 388 706 717
400 503 140 337 456 484 920
921 520 615 742 70 920
861 55 603
32 130 905
32 220 440 752 798
1 159 243 325
32 905
400 271
60 742 920
60 137 165 763
595
520 1 31 240 416 502 806
204 140
820 1 231 233
3 231 235 806 900
90 100 900
1 100 602 703 920
595 820 706
222
745 1 360 904
527 64 555 845
176 220
220 407 798 845
370 407
824 806
100
527 233 705 817
617 1 142 747
590 407
32 877
231 798
745 590 405
400 159 877
590 820 405 806
503 460
1 4 32 55 407
820 32 877
590 1 4 235 407
520 400 354 817
400 220
946
923 1 16 407
617 142 240
590 32 127 292 381 620 901
154 384
880 503 460
346 798 806 904
527 231 240 555 798
388
491 3 423
590 405 706 798 806
155 806
388 63 231 407 444
585
335
388 233 705 807
820 1 142 220 455
220 407 845
590 233
32 140
746 798 924
154 1 468 806
617 142
590 348 747
63 407
154 388 717
1 17 405
690 435 1 255 354
16 342 504 632
90 17 585 680
861 590 235
220 407
861 820 32 233
742 220 320 371 406 920
527 235 555
745 503 463
820
705 727 838
368 817
32 285 900
520 705
741 60 17 920
717
32 70 220
615 503
60 923 820 3 405 705
16
61 483 626
861 362
5 900
60 820 55 140 592 832
91
527 370
154 101
790 32 705
540 920
31 151
527 370
792
741 60 17 31 575 920
850 595 821 1 4 391 904
32 760 817
335 31 235
156 3
525
32 320 798 817
3 817
520 705 853
167 360 705
167 704
368 382 705 871
617 388
176
335 760
503
630
630
630
630
630
90 590 104 235 240 645
90 590 104 235 240 645
100 103 176 240
158 540 467 806
817 838
125 745 384 450 482 575 875
4 97
861 220 760 798
615 388 1 140 220 484 627 906
90 3 220 792
384
382
226
495
923 32 226
3 220
220
3 220
3 220
3 220
690 60 323
690 60 323
176 233 831
176 233 806
220 233
590 176 231 407 806
384
220 407 845
790 590 100 220 405 407 845
790 617 1 4 142 165 407 900
165 233 798 900
35 773
595 617 1 95 142 717 747
595 1 142 717 747
690 435 255
690 435 1 3 255 424 900
690 435 3 255 422 900
690 900
3
690 435 3 255 422 900
690 435 3 255 422 900
923 706
923 706
923 706
923 706
923 706
923 706
235 321 407 705 845
235 321 407 705 845
235 321 407 705 845
235 321 407 705 845
3 100 176 422
790 3 176
3 100 176 422
615 503 752
615 503 752
615 503 752
615 503 752
615 503 752
615 503 752
615 503 752
615 503 752
615 503 752
125 61 176 299 350
61 240 407 798 845
61 240 407 798 845
61 240 407 798 845
220 222 235
222 233 235
222 233 235
233 235 407 585 705 806
233 235 407 585 705 806
617 32 142 597 905
617 32 142 597 904
617 32 142 597 905
617 32 142 597 905
617 495 4 32 142 365 407 460 597 905
388 17 585
850 61 407 806 845 900
850 61 407 806 845 900
850 61 407 806 845 900
235 321 407 705 753 845
690 435 231 255 479 749
231 255 749
384 233 749 806
520 17 32 95 231 407 585 777
520 17 32 95 231 407 585 777
520 17 32 95 231 407 585 777
520 17 32 95 231 407 585 777
231
850 61 407 782 806 845 900
100 231 705 798 904 957
32 904
742 31 32 61 530
220 235 241
31 226
104
699
5 35
31
34
32
31
590
615 90
741 3 900
320 920
520 240 515
3
617 142
136
151
794
511 130 920
595 90 32 175 705
790 140 743
790 741 290
220 440
64 500 706
264
405 631
405 631
892 250
511 130 920
820
405
790
790
850
32 760
240 585 838
31 645
31 100
861 16 165 900
416
370
520 60 32 75 220 235
503 17 760
32 517
741
161 907
90 820 16 220
520 60 240 922
820 3
495
495 67 142 310 350 374 605 834
60 26 66 220 257 632 760 817
255 798
151
741 220 416
741 176 405 440
60 90 55 160 190
29 220
4 405
892 517
892 60 527 554 705
820 32 130
741 60 335 760 920
590 134 920
590 220
17 32 235 302 460 585 877
226
3 426
125 820 4
60
820
820
741
741
90 365 407 604
1 31 55 150 319 416 924
235
4 127 705
384 220 440
95
91 190 603
90 32 55 132
1 467
60 820 231 240 585
60 31 100 920 927
590 368 900
233 240
820 233 555
32 61 702 817
820 222 235
93 220 340 528 924
1 4 328
90 4 350
31 136 933
31 136
31 136 931
912
146
60 500 812 920
690 615 742 435 255 380
861 1 233 760
861 482 705
604
16
31
540
712
741 90 235 368 572
861 31 368
232
388 231 443
90
435 632
31 153
32 904
615 920
590 151
32 235 817
4 405 933
742 440 556
760
142
820 611 706
590
34 100 176
856
32 34
34
6
34
3 530
832
353
825
298
3
850
32 220
220
527 365
20
440
440
440
440
32 240 817 904
590 235 405 806
500 541
240
790 717
202 220
158 465 806
158 465 806
590 235
34 705
220 236
861 176 220 235 240 482
861 176 220 235 240 482
482
892 32
32 176 519
60 240 603 692
690 679 32 368 817
590
615 352
790
742
32
520 503 70 240
741 520 235 240 705 903
820
460 510 752
384
32 220 817
820 3
4 31 376
31 157 705
154 1 4 32 900
315 520 820 1 63 220
5 900
61
233 743
632
820 31
31 233 368 440
590 5 368 455
530
455 804 922
850 235 706 903
820 100
155 468 806
527 233 235 555
220
861 17 233 575
923 820 13
140 625
240 328
790 5 956
5 570 900
31 95 927
220 227
220 832
442
90 66 240 455 585 942
60 692
861 136 140 455 922
923 706
503 752
615 503 752
420
61 407 845
32 142 597 905
850 61 407 806 845 900
125 590 407 831
125 636 240
705
482 838
861 820 32 904
32 35
176
18
66 723 828
482 838
760
220
226 798
220
3 95
742 90 31
41 705 905
156 435 590 255 706 868
255
817
171
4 220 416 760
617
820 1 31 61
32 176
32
368
32
520 34 220
590
32 678
176
34
176
705
32
98
90 220
176
176
176
176
176
32 226
690
36
540
367
90 140 405
3 31
35
35
35
32
32
31
220
29 36
291
406
408 32 70
70 405
32
818
820 425
4 900
527
335
407
861
482
90
892
435
520
530
220
34
34
37
530
554
892
930
3 645 900
3 904
645
717
690 435 255 267
520
760
861 455
165 832
520 73
861 240
125 590 220 235 285
520 820
326
741 60 5 368 920
1 4 64 176
1 233 760
125
1 3 31 104 423
416
3 421 440 776
520 706
527
31 55
520 32 220
32
90 160
595 4 278 392
921
156 741 60 142 920
741 31 148
520 60 1 31 32 233 905
32
6
130 817
590 231 530 705 904
742 175 233 798
32
360
850 231
861
392 631
408 5
220 382 760
235
820
154 1 220 455 472 806
861 590 820
365 391
1 817 832 904
690 60 452
220
31 226 231 575
1 140 547 832
416
17 463 513 575
611
742
595 134
519
741 1 3 176 703 900
384 279 629
520 235 705
100 235 817
1 111
151
125 267
520 235
125 350 812
820 32 900
861 520 742
741 590 234 760
615
31 151
220 235
156 19
920
824 98 368 630
590
60 590 820 1 220 240 463
701 798
520 235
90 3 5 31 130 423
820
820 66
175 220 255 760
388 32 151 705
32
741 90 95 132 374
142 151
798
408 4
520 175
233 235 457 705 776
798
592
91 1 255 368 806
705
741 520 564 892 90 798
14 255
175 760
90 572
92 561 625 900
231 236
91
892
625
861 16
625
520 95
590 820
1 235 798
443
32
3 422
806 808
820 365
861 16 405
1 176 832
90
90 705
3 67 900
3
125 742 1
820 32
590 31
233 630
790 590 1 407 746
32 153 220
60 61 706 798
892
220 240
690 436 255
148 220 794
604
32
806
365
220
741 368 900
923
136
519 630 900
850 706
552
368
365
617
820
817
817
820
705 906
32
520 820
411
520
705 906
90 55
90 55
585
32 220 760
892 354 794
240
94
90
31 240
861 705
32
861 142
1 100 832
32
32
32
32
741
630
32
575
426
317
742
615
416
590
790 791
32
105
520
520
13
520 240 405
90
898
32
176
66
820
35
540
110
3 111 250
745 1 220 354 405 416 626 798
35
690 679 32 368 817
31
156
34
690 435
920
91 31 368
5 155
90 820 100 240
520 60 495 32 70 240 297 368
741 125 292 322 352 900
520 463 510
13 255 744
90 384 1 133 160
1 32 61 220
90 1
90 725
91 31 220 455
91 1 32
91 1 31 55 93 220
90 405
31 55 71 99 121 831
61
29 32 281
60 590 146 405
156 382
705
706
706
365 706
365 706
861
678
900
892
500
838
177
503 463 909
820 32 220 231 585
296 350 460
151 176
520 6 220
61 151
892 91 56 417 890
817
820
798
32
31
908
34
34
35
35
3
34
39
7 34
515
515
515
515
34
220
645
158 3
140
150 220
231
192
17
515
35 685
435 849
849
892
850 31
708
861
55
35 140
912
798
742
752
745
850
31 817
817
820 31
820 406
890
255 330
104 105
215
220
384
790
861 60 111 391 692
222 817
880 526 554
861 820 111 606
760
520 60 742 220 920
125 63 176 236 297 350 407 798
111 142
795
892 31 865
90
892 90 100
151
861
31 645
1 31
34
31
31
741
3 4
861 742
31
3 226
741 794
741 384 1 31 257 950
95
741 90 1 55 220 500 705
600
503 4 625
137
155
137
220
683
555
176
843
820 374
705
790 850
176
760
96
416
515 849
515
220
34
820 49
520 31
272
142 151
520 1
742
520 13
13
861 921 335 98 220
220
820
237
820 13 16
520 220 235
240
315 849
104
31 697
158 472 806
140 817
741 31 370
317 361 688
176
3 31
411
64 66
301 354
790
452
411
235
515
556
540
850
127
3 64
839
60 31 575
1 839 900
839
749
540
31 343
424
790 153
384
782
215
892 31
424
4
4
455
861
820
455
411 956
741
242
861
530
820
920
91
742
861 392
590
139 145
220 706
741 60 100 240 920
520
220
520 382
705
31 220 368