047 820 820 820 820
820 520 151
820 820 820 820 820 820
820 820 820 820 820 820
820 307
820 820 820 820 820 820
820 820
820 820 820 820 820 820
820 820 820 820
820 820 820 820 820
820 820 820 820 820
820 820 820
820 461 820 820 820
820 820 820
820 820 820 820 820
820 820 820 820 820 820
820
820 820 820
820 820 461 820 820 820
820 820 820 820 820 820
820 820 461
820 820 820 820 820 820
820 820 820 820 820
820 820
820 820 820 820 820
820 820 820 820 820 820
820 820 820
820 820 820
820 820 820
527 527 527 527 527
527
527
527
527
527 527 527 527 527
527 527 527 527
527
527
527
527
527
527
527 527
047 047 427 817
047 047 427 817
047 858 427 047 151 237
047 427 874 858
400
400
400
400
400
400
400
400
400
400
400
400
400
400
400
400
400
400
400
400
400
400
400
400
400
400
692 692
692 692 861
692 692 861
692 692 861
692 692
692 692
692 692 861
692 692 861
692 692 861
692 692 861
692 692 861
692 692 861
692 692 861
692 692
692 692 861
692 692 861
692 692 861
692 692 861
692 692 861
692 692 861
692 692 861
692 692 861
692 692 861
692 692 861
692 692 861
692 692 861
692 692 861
692 692 861
692 692 861
692 692 861
692 692 861
692
692
692
861
861
861
861
861
861
861
861
692
861
861
861
861
861
861
861
861
861
861
861
861
861
861
692
861
920 920 920
920
920
920
920 920 920 920 920
920 920 920 920 920
920 920 920 920 920
920 920 920 920 920
920
920 920 920 920
920 920 920 920
920 920 920 920
920 920 920 920 920
920 920 920 920
920 920 920 920
920 920 920 920
920 920 920 920
920 920 920 920
920 920 920 920
920 920 920 920
920 920 920 920
920 920 920 920
920 920 920 920
920 920 920 920
920 920 920 920
147
047 047
047
047 047
047 047 427
047 106
047
047
047
047
047
047
047
047
047
047
047
047
527
527
527
527 527
527
527
527
781
427
874 874 874 817 427 047
413 817 074
858 151 151 106 129 047 413
413 157
413 817 157
400 400 817 074
047 400 400 003 427 400 400 003 074
874 874 874 817 047 047
047 400 400 400 400 003 003 003 003 858 400
047 400 400 400 400 003 003 003 003 047
047 400 400 400 400 003
481 400 400 400 400 003 003 003 003 400
047 400 400 400 400 003
413 047 400 400
400 400 400
400 400 400
874 874 874
858 400
047 400 400 400
047 400 400
047 400 400 400
413 047 400 400
874 874 874 817 047 400 400
413 400 400 400 400 003 003 003 003 047
047 400 400 400 400 003 003 003 003 400
400 400 400 400 400 003 003 003 003 858 400
874 874 874
047 400 400 400
817
748 817
817 047 047 817
129
427
427 817
047
481
481 047 003 003 427
481 047 003 003 427
481 047 427
047 173
427 817
047
147 047 003 003 047 858
427 047 003 003 817
047
173 173 427
047 427 817 129
047 003 003 173 129 151
173 173 817 173
427 817 003
129 427 817 129
481 481
047 173
047 817 427 817 129
047 520
400 400 874 874 400
520 520 520 400 400 003 003
047 461 874 874 047 400 400 400
520 400 400 400
047 157 400 400 047 400 400
047 400 400 047 400 400
047 461 874 874 047 400 157
173
157 400
151 173 173
047 427
400 400 400
047 047 400 400
151
400 400
074 400 400 003 003
400 173 047 400
400 047 400 047 400
074 400 400 003 003
047 400 400 173
400 400
400 400
003 003
003
003
003
003
003 003
003 003
003 003
003
003 003
003 003
003
003
003
003
003
090 090 090 090
090 090 090 090
090 090 090
090 090 090 090
090 090 090
090 090 090 090
090 090 090 090
090 090 090
090 090 090 090
090 090 090
090 090 090
090 090 090
090 090 090
090 090 090
090 090 090
090 090 090
090 090 090
090 090 090
090 090 090
090 090 090
090 090 090 090
090 090 090 090
090 090 090 090
090 090 090
090 090 090
090 090 090
090 090 090
090 090 090
090 090 090
090
090 090 090
090 090
047
047
047
047
047
047
047
047
047
047
047
047
047
047
047
047
047
047
047
047
047
047
047
047
047
047
047
047
047
047
047
047
527 527
527 527
527 527
527 527
527 527
527 527
527
527
527 527
527 527
527 527
527 527
527 527
527 527
527
527 527
527 527 527 527
527
527
527 527
527 527
047 047 817 868
237 237
047 858 817
237 692 427 718 047
003 427 520 413
858 858 817 817
237 237 237
047 151 858 817 874
481 858
718
858 047 858 817 151
718 858 047 047 151 817 151
858 047 237 817 151 817 151
237 817 151
047 858
413 718
858 151
047 047 858 047 858 047
237 151 858 047 237
237 858
151 874 858
047 413
413 520 858
481 718 858
237 817 151
858
858 858 858 047 237
047 047 237
481 858
047 858 858 817 237 047 858 858 817 874
237 858
858 817
047
047 047 237
047 427 817 520
874
413 461
047 151
413 427 427
047 047 692
692 874 874 874 129 817 151 047
413
413 874 874
047 047 874 874 874 129
047 461 874 874 874
874 874 874
047 718 817 151
692 692 413
047 151 151 047 237
858 237
047 106 427
047 858
047 047 692 692 106 817 074
874 874
858
047 874 874 874 106 427 874
413 106 817 520
692 427 874 874 874
692 427 874 874 413
047 047
047 427 427 106
692 047 427 874 874 874
817 047
817 413
047 151 151
047 151 427 874 874 047 151
047 047 427 817
003 003
003 003
151 427
003 003
047 427 858
858
047 874 874 151 817 047
047 047 427 427 858
874 874
003 003
874 874 047 151
047 874 874 151 427 413
047 047 047
047
047 151 151
413 520 427
047 520 003 003
047
047 151 874 874 427 427
858
047 003
047 047 151
047 003 003
413 074 874 874
413 413 520
820
047 157 817
047
047 520 157 157 157 817 157 817 157
047
157 173 129 157 817 157
481
176 173 129 157 157
692 817 074
047
047
503 692
176 157 047 461
157 047 157 817
047
047
047
047
430 817
047
481
047
047
173 173
430
047
157 047
430
173
430
151
047
047 520 427
047 461 427 520
461
047 047 427
047
858
858
047
481 481
047
858
481
461 047
461
047
047
047
047
047
047 047 151 858 858 817 151
047 047
047
817 817
413 047
047 858 874
817 718 868
817 427 718
047
858
047
047
413 858
817
413 858
047 817 427
047
413 718
481 047 427
047 858 413
858 413
481 817
047 047 151 858 817
047 307 427 874 817
427 817 427 427
413 047 151 817
047 307 874 874 874 047 858
858 858
427 874 427
047 858 427 413
858 817 817
047 858 427 413
047 427
858 151
047 047
047 718 858
858 817
427 874 817
858 237
047 307 151
874 874 047 427 427 151
858 237
047 047 858
413 151 817
858 858 817 817
858 817 817
047 874 237
874
047 430 047
692 047 047 861
430 430 874 874
047 430 430
047 430 430
874 430 047 861
430
874 874 874 430 874 874 874
430 874 874 874
047 430 430
481 430 430
430 430 430
874 430 430
430
047 430
430 430
047 430 430
047 430
047 430 861
430 430
047 430 430
047 430 430
430 430
481 430 430
430 430 430
430 874 874 874
157 817 074
156
157 173
157 817 074
817 074
817 074
817 156 157
817 173 461
173
817 156
461 817 074
481 156
173 817 156
817 173
817 156
692 173 129
047 692 861 692 692
047
047 861 861 861 692 692
047 861 692 692
692 047 173 692 692 861 692 692 692
047 003 003
692 861 173 129 861 692 692
047 861 861 861 692 692
173 861
692 861 173
861 861 861 861 692 692 692
692 861 173 129 861
692 861 861 692 692
047 861 692 692 692
692 861 861 861 861
047 861 861 861 692 692 692 692
047 861 861 861 861 861
692 861 173 861
047 861 861 861 692 692 692 692
861 861 861 861 692 692 692 692
047 861 861 861 861 692
692 861 861 861 692 692 861 692 861 861
047 861 861
861 861 861 861 861 692 861
692 861 861 861
481
481
047
047
047
047
047
047
047
047
047
047
047
047
047
047
047
047
047
047
481
874
047
047
047
047
047
047
047
047
503 400 400
047
047
047
400 481 400 400 400
400 400 400 400 400 400 400 400
047
400 400 400 400
400 400 400 400
047
047
400 400 400 400 400 400 400 400
400 400 400
503
400 481 400 400 400
047
400 400 400 400
047
047
047
047
047
047
503 400 400
400
047
047
047 700
047 047 700 427
858 700 817 427 700
481 427
858
047 700
700
047 047 427
047 520
700
700 700
400
400
400
400
400
400
481 400
400
400
400
400
400
400
481 858
047
151
047
047 858 858
106 047
106 047
047 151 427 427
047 427
047 047 427
427 151 151 858 858
874 874 874 874 427 427
047 427 427 151
047 047 427 874
047 151 427 151 151
047 047
151 047
413
047 003 003
874 874 874 003
874 874 003 003
481 047 003 003
481 047 047
817 074
481 047 047 413
427
874
481 047 427 106 874
481 047 427 106 874
481 874 413
047
874 817 047
047 868 817 156
413 151 874 874 874
692
692 173 129 861 047
692 861 427
692
692 173 173
047 129 237
047 861
047
173 047 692
047 430 430 427
861
173
692 861
047 692
692
047 817
692
861 861 817
047 692 817
047
861
047
106 692
692 861 692 817 047 692
861 692
047 861
047 861 692
692 861 861 427 692
047 692
861
861
692 861 861
147
147
147
692 047 861 692
427 173 129 176 157 173 173 173
173 129 176 237
176 074
400 400 400
173 427 173
176 430
176
176
427 176 173
861 074
400 173 129 176
520
427 173
692
400 427 176
861
176 430 237
427 173 129 074
176
176 173
151 173 129 176
173 173
481 173
400 173 129 176 074
427
047
047
481 047 173
047
461 173 129
074 047
817 461
461 129
047
047
047
047
461
481 047 427 151
047 481 481
047 874
427 427
151 047 858 427 481 481 481
874 874 874 874 129
874 874 874 427 481 481 427
874 874 874 129 427
874 874 874 427 481 481 427
047 047 481 481 427
047 858 427 427
151
874 874 874 129 427
047
047 047 481 481 427
047
481 481 481 481 481 481 481 481 481 481 481 481 481 481 481 481 481 481 481 481 481 481 481 481 481 481 481 481 481 481 481 481 481 481 481 481 481 481 481 481 481 481 481 481 481 481 481 481 481 481 481 481 481 481 481 481 481 481 481 481 481 481 481 481 481 481 481 481 481 481 481 481
047 151 427
003 003 003
003
003
003
003 003
003
003 003
003 003 003
003 003
047 307 237 129
151 047 858 106 129
047 151 858 106
047 047 237
047
047 047 237
237 237 237 047
151 047 858 106 129
874 237 237
047 151 858 106
413 106
047 307 237
047 151 858 106
047 047 237
858 106
237 858 106
858 106
047 047 520 461
047 047 520 461
047 461
047 520 520 461 461
520 461 461 461
520 520
520 520 520 461 461 461
520 520 520 461 461
047
481 520
520 520 461
047 157
481 520 520 520 520 461
520 520 520 520
520 520
520 520
520 520 520
520
520
520 520
520
520 520 461 520 520 520 520 520
047 461 520 520 520 520
156 156 156 156 156 156 156
740 740 740 740 740 740 740
047 740 740 740 740 740 740 740 740
237 520 520 740 740
740 740 740 740 740 740
740 740
156 156 156 156
740 740
047 461 520 520 520 520
047 520 520 520 520 520
047 461 520 520 520 520 520 520 520 520 520 520 520 520 520 520 520 520 520 520 520 520 520 520 520 520 520 520 520 520 520 520 520 520 520 520 520 520 520 520 520 520 520 520 520 520 520 520 520 520 520 520 520
156 156 156 156 156
047 461 520 520 520 520 740
156 740 740 740 740 740
047 740
047 461 520 520 520 520 520 520 520 520 520 520 520 520 520 520 520 520 520 520 520 520 520 520 520 520 520 520 520 520 520 520 520 520 520 520 520 520 520 520 520 520 520 520 520 520 520 520 520 520 520 520 520
047 461 520 520 520 520 740 740 740
047 461 520 520 520 520 740
740 740 740 740 740 740 740 740 740 740 740 740 740 740 740 740 740 740 740 740 740 740 740 740 740 740 740 740 740 740 740 740 740 740 740 740 740 740 740 740 740 740 740 740 740 740 740 740 740 740 740 740
047 740 740 740 740 740 740 740 740 740 740 740 740 740 740 740 740 740 740 740 740 740 740 740 740 740 740 740 740 740 740 740 740 740 740 740 740 740 740 740 740 740 740 740 740 740 740 740 740 740 740
156 156 156 156
156 156 156 156 156 156 156 156 156 156 156 156 156 156 156 156 156 156 156 156 156 156 156 156 156 156 156 156 156 156 156 156 156 156 156 156 156 156 156 156 156 156 156 156 156 156 156 156 156 156 156 156
740 740 740 740 740 740 740 740 740 740 740 740 740 740 740 740 740 740 740 740 740 740 740 740 740 740 740 740 740 740 740 740 740 740 740 740 740 740 740 740 740 740 740 740 740 740 740 740 740 740 740 740
740 740 740 740 740 740 740 740 740 740 740 740 740 740 740 740 740 740 740 740 740 740 740 740 740 740 740 740 740 740 740 740 740 740 740 740 740 740 740 740 740 740 740 740 740 740 740 740 740 740 740 740
740 740 740 740 740 740 740 740 740 740 740 740 740 740 740 740 740 740 740 740 740 740 740 740 740 740 740 740 740 740 740 740 740 740 740 740 740 740 740 740 740 740 740 740 740 740 740 740 740 740 740
740 740 740 740 740 740 740 740 740 740 740 740 740 740 740 740 740 740 740 740 740 740 740 740 740 740 740 740 740 740 740 740 740 740 740 740 740 740 740 740 740 740 740 740 740 740 740 740 740 740
047 520 461
047 461
740
047 740 740 740 740 740 740 740 740 740 740 740 740 740 740 740 740 740 740 740 740 740 740 740 740 740 740 740 740 740 740 740 740 740 740 740 740 740 740 740 740 740 740
047 461 520 740 740 740 740 740 740 740 740 740 740 740 740 740 740 740 740 740 740 740 740 740 740 740 740 740 740 740 740 740 740 740 740 740 740 740 740 740 740 740 740 740 740 740 740
692 700 700 692
700 700
692 700
692 700
700 700
700 700
700 700 700 700
692 700 700 700 700 700
692 700 700 700 700 700
700 700 700 700 700
700 700 700 700 700
700 700 700 700 700 700
700 700 700 700 700
700 700 700 700 700
700 700 700 700 700
700 700 700 700 700
700 700 700 700 700
700 700 700 700 700 700
700 700 700 700 700 700
700 700 700 700 700 700 700 700 700 700 700 700 700 700 700 700 700 700 700 700
700 700 700 700 700 700 700 700 700 700 700 700 700 700 700 700 700 700 700
700 700 700 700 700 700 700 700 700 700 700 700 700 700 700 700 700 700 700 700 700 700 700 700
700 700 700 700 700 700 700 700 700 700 700 700 700 700 700 700 700 700 700 700 700 700 700
700 700 700 700 700 700 700 700 700 700 700 700 700 700 700 700 700 700 700 700 700 700 700 700
700 700 700 700 700 700 700 700 700 700 700 700 700 700 700 700 700 700 700 700 700 700
692 700 700 700 700 700 700 700 700 700 700 700 700 700 700 700 700 700 700 700
700 700 700 700 700 700 700 700 700 700 700 700 700 700 700 700 700 700 700
700 700 700 700 700 700 700 700 700 700 700 700 700 700 700 700 700 700
700 700 700 700 700 700 700 700 700 700 700 700 700 700 700 700
700 700 700 700 700 700 700 700 700 700 700 700 700 700 700 700 700
700 700 700 700 700 700 700 700 700 700 700 700 700 700 700 700
700 700 700 700 700 700 700 700 700 700 700 700 700 700
700 700 700 700 700 700 700 700 700 700 700 700 700
047 700 874 874
874 874 874 817 106 047
047 874 874 874 874 874 874
047 173 151
047 106 047 700 700
047 874 874 874
156 817
461 156 237 074
692
047
047 047 106 817 106
129
047
692 106 173
692 106 817 817
817
047 106 817 817
047 047 692 237
047
047 461 874 874 874 817 074
461 520 047
156 156
074 461
047 700
047 106
047 106 074 074
047
047 700 156 817
129
692
692
817 817
692 047
481
047
874 874 874
481
874
481
874
874 874 874
481
481
047
874 874 874
874 874 874
481
481 047 003
047 874 874 874
106
481 047
481 047
047 413
413 858
413 874 003
047 151 413
481 129
413 003
413 074
481 874 858 874
427 074
106
074 874
413
047 151 413
413
047 820 520 820
481 047
047
481 047 413
481 047 413
074
047 820
481 047
047 003
047 427 003
047 427 003 427
047 858
413
413 427 003 427
427
413
413
481 413
481 047 858 413
427
413
481 003 003 427
427
481 047 003 427
481 047 413
481 047 858 307 874
413 047 874 106
481
874 874 874 047 307 858
047 307 874
413
481 874 858 874 874 874 047 307
874 817 106
481 047 307 874 481 481
106 047 874
858 427
413 047 307
874 874 237 151
481 047 427
481 718
047 307 874
481 307 106
503
503
503
503
503
503
503
503
503
503
503
503
503
503
503
503
503
503
503
503
503
503
503
503
503
503
503
047 718 157 858 427 151
047 718 157 858 427 151
481 047 718 157 151
481 047 718 157 151
129 157 047 413
047 718 157 858 427 151
047 718 413
481 047 427 157
047 427
047 427
047 427
047 427
047 427 413
858 151 427
481 858 718
481 858 718
858 151 427
129 427 151
047 047
047
047
074
481
481
074
481
413 047
481
427
481
481
481
481 413
413
481
413 520
427
481
481
481 413
481
413 003 003
481
413
481
481 413
481
481
692 427 692
481 413
003 003
003 003
003 003
173
047
173
858 173
074 074
173 858
173
817 074
074 157
074
427 151
817 074
481 520
047 106
047 874 874 874
400 400 400
874 874 874 047
047
047 874 874
427 047
400
047 047 047
874 874 874 400
047 427 047 400
047
874 874 874 874 874
047 106
047 106
400 400
400 874 874 874 047
151 874 151
874 874
047 481 400 874
874 874 874
874 874 874 047
157 874
400 400
503 461 129
047 503 074
503 074
047 503 074
047 503 074
047 503 074
047 503 074
047 503 074
503 503 074
047 503 503 047 461 129
503 461 129
503 503 503 503 047
047 503 503 047 461 503
047 503
503 503 503 047 461 129
047 503 503 047 461 503
047 503 503 503
503 047 503 503 461
503 074
503 503 503
503 503 503
503 503 503
047 503 503 047 461 129
748
047
858
874 874 874
047
047
047
151
047
047
047
047
047
047
047
427
427
427
427
427
427
427
427
427
427
427
427