MOHENJODARO

|  1458 | 100001  |
| --- | --- |
|  1459 | 100001  |
|  1460 | 100001  |
|  1461 | 100001  |
|  1462 | 100001  |
|  1463 | 100001  |
|  1464 | 100001  |
|  1465 | 100001  |
|  1466 | 100001  |
|  1467 | 100001  |
|  1468 | 100001  |
|  1469 | 100001  |
|  1470 | 100001  |
|  1471 | 910011  |
|   | 21  |
|   | 20001  |
|   | 30001  |
|   | 40003  |
|  1474 | 100001  |
|  1475 | 110001  |
|   | 20001  |
|  1477 | 100001  |
|  1478 | 100001  |
|  1479 | 100001  |
|  1480 | 100009  |
|  1482 | 100003  |
|  1483 | 100005  |
|  1484 | 100009  |
|  1486 | 100009  |
|  1487 | 100101  |
|  1488 | 100001  |
|  1489 | 100001  |
|  1490 | 100101  |

53