MOHENJODARO

|  1704 | 510001 | 21001 | 🍴🍴  |
| --- | --- | --- | --- |
|  1705 | 510001 | 21690 | 🍵🍴🍵🍴  |
|  1706 | 510001 | 21690 | 🍵🍴🍵🍴  |
|  1707 | 510001 | 21190 | 🍴🍴🍴  |
|  1708 | 510001 | 21490 | 🍴🍴🍴🍴  |
|  1709 | 510001 | 20990 | 🍴🍴🍴  |
|  1710 | 510001 | 20190 | 🍴🍴🍴🍴  |
|  1711 | 510001 | 20790 | 🍴🍴🍴  |
|  1712 | 510001 | 21490 | 🍴🍴🍴🍴  |
|  1713 | 510001 | 20690 | 🍴🍴🍴🍴  |
|  1714 | 510001 | 20490 | 🍴🍴  |
|  1715 | 500001 | 21390 | 🍴🍴🍴🍴  |
|  1801 | 510001 | 21390 | 🍴🍴  |
|  1802 | 510001 | 21190 | 🍴🍴🍴  |
|  1803 | 510001 | 21390 | 🍴🍴  |
|  1804 | 510001 | 21490 | 🍴🍴🍴🍴  |

57