1001
1002
1003
1004
1005
1006
1007
1008
1010
1011
1012
1013
1014
1015
1016
1017
1018
1019
1020
1021
1022
1023
1024
1025
1026
1027
1028
1029
1030
1031
1032
1033
1034
1035
1036
1037
1038
1039
1040
1041
1042
1043
1044
1045
1046
1047
1048
1049
1050
1051
1052
1053
1054
1055
1056
1057
1058
1059
1060
1061
1065
1066
1067
1068
1069
1070
1071
1072
1073
1074
1075
1076
1077
1078
1079
1080
1081
1082
1083
1084
1085
1086
1087
1088
1089
1090
1091
1092
1093
1094
1095
1096
1097
1098
1099
1100
1101
1103
1104
1105
1106
1107
1108
1109
1110
1111
1112
1113
1114
1115
1116
1117
1118
1119
1120
1121
1122
1123
1125
1126
1127
1128
1129
1130
1131
1132
1133
1134
1135
1136
1137
1138
1139
1140
1141
1142
1143
1144
1145
1146
1147
1148
1149
1150
1151
1154
1155
1156
1157
1158
1159
1160
1161
1162
1163
1164
1165
1166
1167
1168
1169
1170
1171
1172
1173
1174
1175
1176
1177
1178
1179
1180
1181
1182
1183
1185
1186
1187
1188
1189
1190
1191
1192
1193
1194
1195
1196
1197
1198
1199
1200
1201
1202
1203
1204
1205
1206
1207
1208
1209
1211
1212
1213
1214
1215
1217
1218
1219
1220
1221
1222
1223
1224
1225
1226
1227
1228
1229
1231
1232
1233
1234
1235
1236
1237
1238
1239
1240
1241
1242
1243
1244
1245
1246
1247
1248
1249
1251
1252
1253
1254
1255
1257
1258
1260
1261
1262
1263
1264
1265
1266
1267
1268
1269
1270
1271
1272
1273
1274
1275
1276
1277
1278
1279
1281
1282
1283
1285
1286
1287
1288
1289
1290
1291
1292
1293
1294
1295
1296
1297
1298
1299
1300
1301
1302
1303
1305
1306
1307
1308
1309
1310
1311
1312
1313
1314
1315
1316
1317
1318
1319
1320
1321
1322
1323
1324
1325
1326
1327
1328
1329
1330
1331
1332
1333
1334
1335
1336
1337
1338
1339
1340
1341
1342
1343
1344
1345
1346
1347
1348
1349
1350
1351
1355
1357
1358
1360
1361
1362
1365
1366
1367
1368
1369
1370
1372
1373
1374
1376
1379
1380
1381
1383
1385
1386
1387
1388
1389
1390
1391
1392
1393
1394
1395
1396
1397
1398
1399
1400
1401
1402
1403
1404
1405
1406
1407
1408
1409
1410
1411
1412
1414
1415
1416
1417
1418
1419
1420
1421
1422
1423
1424
1425
1426
1427
1428
1429
1430
1431
1432
1433
1434
1435
1436
1437
1438
1439
1441
1442
1443
1444
1445
1446
1447
1448
1449
1450
1451
1452
1453
1454
1455
1456
1457
1458
1459
1460
1461
1462
1463
1464
1465
1466
1467
1468
1469
1470
1471
1474
1475
1477
1478
1479
1480
1482
1483
1484
1486
1487
1488
1489
1490
1491
1492
1494
1495
1496
1497
1498
1499
1517
1527
1529
1530
1531
1532
1533
1534
1535
1536
1537
1538
1539
1540
1541
1542
1543
1544
1545
1547
1548
1549
1550
1551
1552
1553
1554
1555
1556
1557
1558
1559
1560
1561
1563
1575
1580
1586
1602
1603
1604
1605
1606
1607
1608
1609
1610
1611
1613
1615
1616
1619
1620
1621
1622
1623
1624
1625
1626
1627
1628
1629
1630
1631
1634
1638
1641
1646
1647
1661
1674
1695
1701
1702
1703
1704
1705
1706
1707
1708
1709
1710
1711
1712
1713
1714
1715
1721
1727
1740
1747
1749
1758
1791
1801
1802
1803
1804
1805
1806
1813
1817
1887
1888
1900
1902
1903
1904
1905
1924
1925
1926
1927
1931
1937
1938
1941
1950
1963
1966
1967
1969
1973
1974
1983
1990
1991
2001
2002
2004
2005
2006
2007
2008
2010
2011
2012
2013
2014
2015
2016
2018
2019
2020
2021
2022
2023
2024
2025
2026
2027
2028
2029
2031
2032
2033
2034
2035
2038
2039
2040
2041
2042
2043
2044
2045
2046
2047
2048
2049
2050
2051
2052
2053
2054
2055
2056
2057
2058
2059
2060
2061
2063
2064
2065
2066
2067
2068
2069
2070
2071
2072
2073
2074
2075
2076
2077
2079
2080
2081
2082
2083
2084
2085
2086
2087
2088
2089
2090
2091
2092
2093
2094
2095
2096
2097
2098
2099
2100
2101
2102
2103
2104
2105
2106
2107
2108
2109
2110
2111
2112
2114
2115
2116
2117
2118
2119
2120
2121
2122
2123
2124
2125
2126
2127
2128
2129
2130
2131
2132
2134
2136
2137
2138
2139
2140
2141
2142
2143
2144
2145
2146
2147
2148
2151
2152
2153
2154
2155
2157
2158
2159
2160
2161
2162
2163
2164
2165
2166
2167
2168
2169
2170
2171
2173
2174
2175
2176
2177
2178
2179
2180
2181
2182
2183
2184
2185
2186
2187
2188
2189
2190
2191
2192
2193
2195
2196
2197
2198
2199
2200
2201
2202
2203
2204
2205
2206
2207
2208
2209
2211
2213
2214
2215
2216
2217
2219
2220
2221
2222
2224
2225
2227
2228
2229
2230
2231
2232
2233
2234
2235
2236
2237
2238
2239
2240
2241
2242
2243
2244
2246
2247
2248
2249
2250
2251
2252
2253
2254
2255
2256
2257
2258
2260
2261
2262
2263
2264
2265
2266
2267
2268
2269
2270
2271
2272
2273
2274
2275
2276
2277
2278
2279
2280
2281
2282
2283
2284
2285
2286
2288
2289
2290
2291
2292
2293
2294
2295
2296
2297
2298
2299
2300
2301
2302
2303
2304
2305
2306
2307
2308
2309
2310
2311
2312
2313
2314
2315
2316
2317
2318
2319
2321
2322
2323
2324
2325
2326
2327
2328
2331
2332
2333
2334
2335
2336
2337
2338
2339
2340
2341
2342
2343
2344
2345
2346
2347
2348
2349
2350
2351
2352
2353
2354
2355
2356
2357
2358
2359
2360
2361
2362
2363
2364
2365
2366
2367
2368
2369
2370
2371
2372
2373
2374
2375
2376
2377
2378
2379
2380
2381
2382
2384
2385
2387
2388
2389
2390
2391
2392
2393
2394
2395
2396
2397
2398
2399
2401
2402
2403
2404
2405
2406
2407
2408
2409
2410
2411
2413
2414
2415
2416
2417
2418
2419
2420
2421
2422
2423
2424
2425
2426
2427
2428
2429
2430
2431
2432
2433
2434
2435
2436
2437
2438
2439
2440
2441
2442
2443
2444
2445
2446
2447
2448
2449
2450
2451
2452
2453
2455
2456
2457
2458
2459
2460
2461
2463
2464
2465
2466
2467
2468
2469
2470
2471
2472
2473
2474
2475
2476
2477
2478
2480
2481
2482
2483
2484
2485
2486
2489
2490
2491
2492
2493
2495
2496
2497
2498
2499
2500
2501
2502
2503
2504
2505
2506
2507
2508
2509
2511
2512
2513
2514
2515
2516
2517
2518
2519
2520
2521
2522
2523
2524
2525
2526
2527
2528
2529
2530
2531
2532
2533
2534
2535
2536
2537
2538
2539
2540
2541
2542
2543
2545
2546
2547
2548
2549
2551
2552
2554
2555
2556
2557
2558
2559
2560
2561
2562
2563
2564
2565
2566
2567
2568
2569
2570
2571
2572
2573
2574
2575
2576
2577
2578
2579
2580
2581
2582
2583
2584
2585
2587
2588
2589
2590
2591
2592
2593
2594
2595
2596
2597
2598
2599
2600
2601
2602
2603
2604
2605
2606
2607
2608
2609
2610
2611
2612
2613
2614
2615
2616
2617
2618
2619
2620
2621
2622
2623
2625
2626
2627
2628
2629
2630
2631
2632
2633
2634
2635
2636
2637
2638
2639
2640
2641
2643
2644
2645
2646
2647
2648
2649
2650
2651
2652
2653
2654
2655
2656
2657
2658
2659
2660
2661
2662
2663
2664
2665
2666
2667
2669
2671
2672
2673
2674
2675
2676
2677
2678
2679
2680
2681
2682
2683
2684
2685
2686
2687
2688
2689
2690
2691
2692
2693
2694
2695
2696
2697
2698
2699
2700
2701
2702
2704
2705
2706
2725
2762
2773
2787
2802
2804
2805
2806
2807
2808
2809
2810
2812
2813
2814
2815
2818
2819
2820
2821
2822
2824
2825
2826
2827
2830
2831
2834
2835
2836
2837
2839
2841
2842
2843
2844
2845
2846
2847
2848
2849
2851
2852
2854
2855
2856
2857
2858
2860
2861
2862
2863
2864
2865
2866
2867
2868
2882
2894
2897
2900
2901
2902
2903
2904
2905
2906
2907
2908
2909
2910
2911
2912
2913
2914
2915
2916
2917
2918
2919
2920
2921
2923
2924
2925
2926
2927
2928
2929
2930
2931
2934
2935
2936
2937
2938
2939
2940
2941
2942
2943
2944
2945
2946
2947
2948
2949
2950
2951
2952
2956
2978
2982
2992
2993
3001
3002
3010
3015
3016
3019
3020
3021
3022
3023
3024
3025
3026
3027
3028
3031
3032
3035
3036
3037
3038
3039
3041
3042
3044
3051
3052
3056
3057
3058
3060
3062
3063
3064
3066
3067
3068
3069
3070
3072
3073
3074
3075
3076
3078
3079
3080
3083
3085
3086
3087
3088
3089
3090
3091
3092
3093
3094
3095
3096
3097
3098
3099
3100
3102
3103
3104
3105
3106
3107
3108
3109
3110
3111
3112
3113
3114
3115
3116
3118
3119
3120
3121
3122
3123
3131
3132
3134
3136
3143
3144
3145
3147
3151
3152
3153
3154
3155
3156
3157
3158
3159
3160
3161
3162
3163
3164
3165
3169
3171
3172
3173
3177
3182
3193
3202
3203
3206
3207
3209
3213
3215
3216
3217
3218
3219
3220
3221
3222
3223
3224
3225
3226
3227
3228
3230
3232
3233
3234
3235
3236
3237
3238
3239
3242
3243
3244
3245
3246
3247
3248
3249
3251
3252
3253
3266
3269
3270
3286
3287
3290
3301
3302
3303
3304
3305
3306
3307
3309
3310
3312
3313
3314
3315
3316
3317
3318
3319
3320
3321
3322
3323
3325
3326
3328
3329
3331
3332
3333
3334
3335
3336
3337
3339
3340
3341
3342
3343
3344
3345
3346
3347
3349
3350
3351
3352
3353
3354
3355
3356
3357
3358
3359
3360
3361
3362
3363
3364
3365
3367
3368
3369
3371
3372
3373
3374
3375
3376
3378
3379
3381
3383
3384
3385
3386
3387
3388
3390
3391
3392
3393
3395
3396
3398
3401
3403
3404
3405
3406
3407
3410
3412
3413
3414
3415
3429
3447
3453
3455
3476
3501
3502
3503
3504
3505
3506
3507
3508
3509
3510
3511
3512
3513
3517
3523
3581
3608
3675
3712
3844
3861
3870
3922
3967
3993
3998
4000
4001
4002
4003
4004
4005
4006
4008
4009
4010
4011
4012
4013
4014
4015
4016
4017
4018
4019
4020
4021
4022
4023
4024
4025
4026
4027
4028
4030
4031
4032
4033
4034
4035
4036
4037
4038
4039
4040
4042
4043
4044
4045
4046
4047
4049
4050
4051
4052
4053
4054
4055
4056
4057
4059
4060
4061
4062
4064
4067
4069
4071
4072
4073
4074
4075
4076
4077
4078
4079
4080
4081
4082
4083
4084
4085
4086
4087
4088
4089
4090
4091
4092
4093
4094
4095
4096
4097
4098
4099
4100
4101
4102
4103
4104
4105
4106
4107
4108
4109
4110
4111
4112
4113
4114
4115
4116
4117
4118
4119
4120
4121
4122
4123
4124
4125
4126
4127
4128
4129
4130
4131
4132
4133
4134
4135
4136
4137
4138
4139
4140
4141
4142
4143
4144
4145
4146
4147
4148
4149
4150
4152
4153
4154
4155
4156
4158
4159
4161
4162
4163
4164
4165
4166
4167
4168
4169
4170
4171
4172
4176
4177
4178
4180
4181
4183
4185
4186
4188
4189
4197
4198
4204
4206
4207
4208
4211
4212
4217
4220
4222
4223
4224
4225
4227
4228
4229
4230
4231
4232
4233
4235
4236
4237
4238
4239
4240
4241
4243
4244
4245
4246
4249
4250
4251
4253
4254
4256
4258
4260
4261
4262
4263
4264
4265
4266
4267
4268
4269
4270
4271
4272
4273
4274
4275
4276
4277
4279
4280
4281
4282
4283
4284
4285
4286
4287
4288
4289
4290
4291
4292
4293
4294
4295
4296
4297
4298
4299
4300
4301
4302
4303
4304
4305
4306
4307
4309
4312
4314
4315
4316
4317
4318
4319
4320
4321
4322
4323
4324
4325
4326
4327
4328
4329
4330
4331
4332
4333
4334
4335
4336
4337
4338
4339
4340
4341
4342
4343
4344
4345
4346
4347
4348
4349
4350
4351
4352
4353
4354
4355
4356
4357
4358
4359
4360
4361
4362
4363
4364
4366
4368
4369
4370
4371
4372
4373
4374
4375
4376
4377
4378
4379
4380
4381
4382
4384
4386
4387
4401
4402
4403
4404
4405
4406
4407
4408
4409
4410
4411
4412
4413
4414
4415
4416
4417
4418
4419
4420
4421
4422
4423
4424
4425
4426
4427
4428
4429
4430
4431
4432
4433
4434
4435
4436
4437
4438
4439
4440
4441
4442
4443
4444
4445
4446
4447
4448
4449
4450
4451
4452
4453
4454
4455
4456
4457
4458
4459
4460
4461
4462
4463
4464
4465
4466
4467
4468
4469
4470
4471
4472
4473
4474
4475
4476
4477
4478
4479
4480
4481
4482
4483
4484
4485
4486
4487
4488
4489
4490
4491
4492
4493
4494
4497
4498
4499
4500
4501
4502
4503
4504
4505
4506
4507
4508
4509
4510
4511
4512
4514
4515
4516
4517
4518
4519
4520
4521
4522
4523
4525
4528
4529
4530
4532
4534
4535
4536
4537
4538
4540
4541
4543
4544
4545
4546
4547
4548
4549
4550
4551
4552
4553
4554
4555
4556
4557
4559
4560
4561
4562
4563
4564
4565
4566
4571
4572
4573
4574
4575
4576
4577
4578
4579
4580
4581
4582
4583
4584
4585
4586
4587
4588
4589
4590
4591
4592
4593
4594
4595
4596
4597
4599
4601
4602
4603
4604
4605
4606
4607
4610
4613
4614
4615
4616
4617
4618
4619
4620
4621
4622
4623
4624
4625
4626
4627
4628
4629
4630
4631
4632
4633
4634
4635
4636
4637
4639
4641
4642
4643
4644
4645
4646
4647
4648
4649
4650
4651
4652
4653
4654
4655
4656
4657
4658
4659
4660
4661
4662
4663
4664
4665
4666
4667
4668
4669
4670
4671
4672
4673
4674
4675
4676
4677
4678
4679
4680
4681
4682
4683
4684
4685
4686
4687
4689
4690
4691
4692
4693
4694
4695
4696
4697
4698
4699
4700
4701
4702
4703
4704
4707
4709
4710
4712
4713
4714
4715
4716
4717
4718
4741
4801
4802
4803
4804
4805
4806
4807
4808
4809
4810
4811
4812
4813
4814
4815
4816
4817
4819
4820
4821
4823
4824
4826
4827
4832
4833
4834
4835
4838
4839
4840
4841
4843
4844
4845
4846
4848
4849
4852
4853
4854
4855
4856
4857
4861
4864
4865
4868
4871
4873
4874
4875
4876
4877
4879
4880
4881
4883
4884
4901
4902
4905
4940
4943
4989
4999
5001
5003
5006
5010
5016
5017
5023
5031
5034
5035
5046
5051
5052
5054
5055
5056
5057
5058
5059
5060
5061
5062
5063
5064
5065
5066
5067
5068
5069
5070
5071
5072
5073
5074
5076
5077
5078
5080
5081
5083
5084
5085
5086
5087
5088
5089
5090
5091
5092
5093
5094
5096
5099
5100
5101
5102
5103
5104
5105
5106
5107
5108
5109
5110
5114
5115
5116
5119
5120
5123
5124
5180
5201
5203
5204
5205
5206
5207
5208
5209
5210
5211
5212
5213
5214
5215
5216
5217
5218
5219
5220
5221
5222
5223
5224
5225
5226
5227
5229
5230
5231
5232
5233
5234
5235
5236
5237
5238
5239
5240
5241
5242
5243
5244
5245
5246
5249
5250
5251
5252
5253
5254
5255
5256
5257
5259
5260
5261
5262
5263
5264
5265
5266
5267
5268
5269
5270
5271
5274
5275
5276
5277
5278
5279
5280
5281
5282
5283
5284
5285
5286
5287
5288
5289
5291
5292
5293
5296
5297
5298
5299
5300
5301
5302
5303
5304
5305
5306
5308
5309
5310
5311
5312
5317
5318
5319
5320
5321
5323
5324
5325
5326
5327
5328
5329
5331
5332
5333
5334
5335
5336
5337
5339
5340
5341
5388
5401
5402
5403
5404
5405
5406
5407
5408
5409
5410
5411
5412
5413
5414
5415
5416
5417
5418
5419
5420
5421
5422
5423
5425
5426
5427
5428
5429
5430
5431
5432
5433
5434
5436
5437
5438
5440
5441
5442
5443
5444
5446
5447
5449
5450
5451
5452
5453
5454
5455
5456
5457
5458
5459
5460
5461
5462
5463
5464
5466
5467
5469
5470
5471
5472
5473
5474
5475
5476
5477
5478
5479
5480
5481
5482
5483
5484
5485
5486
5487
5488
5489
5490
5492
5494
5495
5496
5497
5498
5499
5501
5504
5505
5506
5507
5508
5510
5511
5513
5514
5515
5516
5517
5518
5519
5549
5601
5617
5652
5654
5793
5800
5823
5981
6016
6017
6045
6052
6062
6101
6104
6108
6109
6111
6112
6113
6114
6115
6116
6118
6120
6121
6122
6123
6124
6125
6126
6127
6128
6129
6130
6131
6132
6133
6172
6201
6202
6203
6204
6205
6206
6207
6208
6209
6210
6211
6212
6213
6214
6215
6216
6217
6218
6219
6220
6221
6222
6223
6224
6225
6226
6227
6228
6229
6230
6231
6232
6233
6234
6235
6236
6239
6252
6253
6276
6301
6303
6304
6305
6306
6322
6323
6327
6331
6402
6403
6405
6420
6441
6473
6487
6511
6523
6600
6707
6815
6817
7001
7002
7004
7005
7006
7007
7008
7009
7011
7013
7015
7016
7017
7018
7019
7020
7021
7022
7023
7024
7025
7026
7027
7028
7029
7030
7031
7032
7034
7035
7036
7038
7039
7040
7042
7043
7044
7045
7046
7047
7048
7049
7050
7053
7054
7055
7056
7057
7062
7063
7064
7065
7066
7068
7069
7070
7072
7073
7074
7075
7076
7077
7078
7080
7081
7082
7085
7086
7088
7089
7090
7092
7093
7094
7095
7096
7097
7098
7099
7100
7101
7102
7103
7104
7105
7106
7107
7111
7112
7134
7146
7176
7201
7202
7203
7204
7205
7206
7207
7209
7211
7212
7213
7214
7215
7216
7217
7218
7219
7220
7221
7222
7223
7224
7225
7227
7228
7229
7230
7231
7232
7233
7234
7235
7236
7237
7238
7239
7240
7241
7242
7243
7244
7245
7246
7247
7248
7249
7251
7252
7253
7255
7257
7258
7259
7260
7261
7262
7263
7265
7266
7267
7268
7269
7270
7271
7272
7273
7274
7277
7278
7279
7280
7281
7282
7283
7295
7297
7301
7341
7346
7462
7537
7623
7730
7830
8001
8002
8003
8004
8006
8007
8008
8009
8011
8012
8013
8015
8016
8017
8018
8019
8020
8021
8022
8023
8024
8025
8026
8027
8029
8030
8031
8033
8034
8035
8036
8037
8038
8039
8040
8041
8042
8043
8044
8045
8047
8048
8050
8051
8052
8053
8054
8055
8056
8058
8059
8060
8061
8062
8071
8072
8073
8101
8102
8103
8104
8105
8106
8108
8109
8110
8111
8112
8113
8114
8115
8116
8117
8118
8119
8120
8121
8122
8127
8201
8202
8204
8205
8206
8207
8208
8209
8210
8211
8212
8213
8214
8215
8216
8217
8218
8219
8220
8221
8235
8301
8302
8339
8507
8508
8736
8767
8919
9001
9011
9021
9022
9031
9035
9041
9042
9051
9052
9055
9058
9059
9061
9062
9063
9066
9067
9068
9071
9073
9074
9076
9078
9080
9081
9083
9084
9085
9087
9088
9089
9090
9091
9092
9093
9094
9095
9096
9101
9102
9103
9104
9108
9111
9117
9119
9121
9152
9169
9193
9201
9202
9203
9204
9205
9211
9216
9221
9225
9226
9228
9231
9233
9235
9237
9238
9239
9240
9243
9250
9257
9259
9260
9263
9268
9277
9280
9285
9288
9289
9291
9303
9305
9308
9310
9317
9319
9320
9322
9323
9327
9333
9334
9337
9339
9401
9402
9405
9407
9408
9411
9412
9413
9416
9417
9419
9420
9427
9430
9432
9434
9435
9437
9438
9441
9442
9443
9444
9446
9450
9453
9455
9459
9461
9473
9475
9476
9480
9481
9485
9486
9487
9488
9490
9494
9495
9498
9499
9505
9507
9508
9516
9518
9519
9529
9601
9621
9631
9645
9651
9652
9675
9701
9716
9734
9801
9811
9821
9822
9832
9833
9842
9845
9846
9851
9852
9901
9902
9903
9904
9905
9989